year,n_runs,total_population_median,total_population_ci_low,total_population_ci_high,total_population_q25,total_population_q75,total_affected_median,total_affected_ci_low,total_affected_ci_high,total_affected_q25,total_affected_q75,prevalence_total_pct_median,prevalence_total_pct_ci_low,prevalence_total_pct_ci_high,prevalence_total_pct_q25,prevalence_total_pct_q75,on_colchicine_median,on_colchicine_ci_low,on_colchicine_ci_high,on_colchicine_q25,on_colchicine_q75,diagnosed_median,diagnosed_ci_low,diagnosed_ci_high,diagnosed_q25,diagnosed_q75,undiagnosed_symptomatic_median,undiagnosed_symptomatic_ci_low,undiagnosed_symptomatic_ci_high,undiagnosed_symptomatic_q25,undiagnosed_symptomatic_q75,prevented_births_total_median,prevented_births_total_ci_low,prevented_births_total_ci_high,prevented_births_total_q25,prevented_births_total_q75,m694v_homo_in_affected_pct_median,m694v_homo_in_affected_pct_ci_low,m694v_homo_in_affected_pct_ci_high,m694v_homo_in_affected_pct_q25,m694v_homo_in_affected_pct_q75,compound_in_affected_pct_median,compound_in_affected_pct_ci_low,compound_in_affected_pct_ci_high,compound_in_affected_pct_q25,compound_in_affected_pct_q75,hetero_in_affected_pct_median,hetero_in_affected_pct_ci_low,hetero_in_affected_pct_ci_high,hetero_in_affected_pct_q25,hetero_in_affected_pct_q75,other_homo_in_affected_pct_median,other_homo_in_affected_pct_ci_low,other_homo_in_affected_pct_ci_high,other_homo_in_affected_pct_q25,other_homo_in_affected_pct_q75,m694v_homo_absolute_median,m694v_homo_absolute_ci_low,m694v_homo_absolute_ci_high,m694v_homo_absolute_q25,m694v_homo_absolute_q75,m694v_homo_prevalence_pct_median,m694v_homo_prevalence_pct_ci_low,m694v_homo_prevalence_pct_ci_high,m694v_homo_prevalence_pct_q25,m694v_homo_prevalence_pct_q75,total_carriers_absolute_median,total_carriers_absolute_ci_low,total_carriers_absolute_ci_high,total_carriers_absolute_q25,total_carriers_absolute_q75
1950,20,50732.0,50662.075,50805.85,50693.0,50750.25,207.0,181.95,236.2,195.0,217.25,0.4900076188313519,0.4322412165023128,0.5588365842236678,0.4599957407476182,0.5141864214126513,60.5,47.85,75.05,57.25,64.0,60.5,47.85,75.05,57.25,64.0,147.0,123.475,167.575,136.0,156.25,0.0,0.0,0.0,0.0,0.0,9.154516507457684,6.909603554340396,13.711711711711711,8.090592006033182,10.741949175022548,46.2152209492635,42.43969963592233,51.45772859216255,45.29090324654452,48.01883971291866,24.090608465608465,18.49948024948025,28.02991886409736,22.480632328308207,24.88210818307906,1.2015577507598785,0.0,3.3413576317045997,0.9662505779010633,2.1688654981901316,20.0,14.0,29.14999999999999,16.75,21.0,0.04735073543299545,0.03303497542775908,0.0689797799598642,0.03962908951379472,0.04977749342484116,48.0,36.325,62.099999999999994,46.75,52.25
1951,20,51394.0,51309.475,51498.25,51350.0,51431.0,212.5,188.475,238.25,202.75,221.0,0.4980307405828748,0.44281434684838017,0.5568455965206712,0.47309281754003224,0.5178130631986722,61.0,49.325,75.05,58.5,65.5,61.0,49.325,75.05,58.5,65.5,149.0,124.325,167.525,142.25,163.25,0.0,0.0,0.0,0.0,0.0,10.047956678369015,6.938483547925608,13.672839506172838,7.52207948615014,10.757630813953488,46.8650383389334,43.09775860254656,50.92223241653981,46.01330715532286,48.03135888501742,24.070105429106313,18.554033485540334,27.983490566037737,22.42822662601626,25.300623936471926,1.3044464609800364,0.0,3.2178655660377355,0.9642654566080544,2.1322253675463427,21.0,14.475,29.67499999999999,16.0,22.25,0.049220672790686,0.033855261767727254,0.0693909720139712,0.03755516218047655,0.052133766170034956,50.5,37.8,63.525,46.0,55.0
1952,20,52258.5,52109.55,52419.8,52215.5,52305.25,217.5,193.0,244.1,202.25,228.5,0.5012091861133787,0.4460095057883793,0.5610365697806318,0.46591126737013383,0.5256658080216412,61.5,50.325,75.525,59.0,67.0,61.5,50.325,75.525,59.0,67.0,154.5,126.65,174.14999999999998,143.75,164.0,0.0,0.0,0.0,0.0,0.0,9.678930335547605,6.304590947001289,13.87174168133434,7.970443349753695,10.982997177669167,47.16003519405612,43.470630967206304,51.359194256082965,45.953201970443345,48.355417448405255,23.914893617021278,19.242268041237114,28.00931701231873,22.114176652493235,25.523399014778327,1.2876485216910747,0.0,3.3676446749878415,0.9494643484369512,1.8926757146106605,21.5,14.475,30.67499999999999,16.0,23.0,0.04950884226055009,0.033374152568112346,0.07054515351097557,0.03696473453243988,0.052894834074182474,52.5,39.8,65.1,46.0,55.0
1953,20,53099.0,52940.475,53332.1,53027.5,53168.5,225.0,196.475,249.14999999999998,207.5,231.25,0.5111636283221836,0.44701180028636733,0.563508310356606,0.4690335316775238,0.5247340301433115,62.5,54.375,78.625,59.0,68.5,62.5,54.375,78.625,59.0,68.5,157.5,130.175,175.67499999999998,146.75,167.25,0.0,0.0,0.0,0.0,0.0,10.218529650844062,6.567289013598101,13.272476901208245,8.53583916083916,11.081635857860732,47.00319780721791,44.1406813074999,51.00803802604629,46.145557029177716,49.643695506371564,24.019299349695824,19.052010688913512,28.386363636363633,22.039263779213528,25.360576923076923,1.3201160541586072,0.20562770562770563,3.3071608040200995,0.9414181633344629,1.835563709619397,22.5,15.475,30.14999999999999,17.75,25.0,0.0511583699565292,0.035134093226283664,0.06824437853109616,0.04012196688691051,0.05659809081977314,55.0,40.85,64.57499999999999,48.0,56.0
1954,20,53961.0,53815.45,54227.575,53896.75,54034.0,229.5,201.475,257.575,214.75,237.5,0.5124565751712773,0.4520755950216531,0.5734334973313896,0.477470060190696,0.531333807680869,65.0,54.325,80.14999999999999,59.75,71.25,65.0,54.325,80.14999999999999,59.75,71.25,161.0,141.425,181.625,151.5,172.0,0.0,0.0,0.0,0.0,0.0,9.925619427614404,6.758236825567824,13.458230958230958,8.504208935894669,11.358885738529358,47.933345966175565,44.44334487877288,52.4417109929078,46.19938283267208,49.41856209628722,23.91304347826087,19.2067566826844,27.868786597983533,22.015041446321064,25.66752799310939,1.3921188630490957,0.2021276595744681,3.236978045630649,1.1830119484206791,1.972973831300813,21.5,15.95,32.14999999999999,19.75,25.25,0.04816620973260332,0.035681278304276316,0.07135847458674874,0.044164328557217455,0.056524970854239735,55.0,42.95,66.1,47.75,56.25
1955,20,54868.0,54690.65,55168.35,54797.75,54960.0,233.5,205.95,256.525,218.75,240.75,0.5139731807456884,0.4550853118212708,0.5632037758492128,0.48126377968557543,0.530441513435169,68.5,55.9,81.05,62.5,71.25,68.5,55.9,81.05,62.5,71.25,163.5,144.9,189.575,155.75,172.0,0.0,0.0,0.0,0.0,0.0,10.435960881347944,5.887602118682107,13.623046874999998,8.653632731577389,11.5608228980322,48.39039723224269,44.835202618936925,53.75800034596091,46.5392729633236,49.58550771906936,23.602963877740045,18.679078014184398,26.921117628897807,22.14912280701754,25.78356477349802,1.512957317073171,0.436560249135477,2.7245962140532014,1.1787248867727327,1.9551757149033413,22.5,13.9,34.574999999999996,19.75,27.0,0.04967915448455793,0.030660818648664316,0.0757275124340157,0.04369439068593203,0.05952534806944057,56.0,43.95,65.57499999999999,48.0,58.0
1956,20,55777.0,55660.9,56149.75,55740.0,55877.25,232.5,212.425,262.1,220.75,245.5,0.5050666701388719,0.4627035711613158,0.5668338862837173,0.480124566637264,0.533343494513843,69.0,53.425,83.19999999999999,63.75,72.5,69.0,53.425,83.19999999999999,63.75,72.5,163.5,147.375,190.625,157.25,173.25,0.0,0.0,0.0,0.0,0.0,10.648052750875747,5.852162827501319,13.498692328326179,8.695788156797331,11.64149098022169,48.35666262537198,45.95021934007248,54.070247933884296,46.37814313346228,49.92501371177842,23.260560037968673,18.872675619834713,27.578553013213018,22.07096800439355,25.02635046113307,1.5519984092264862,0.4292178409825469,2.6705769456738864,1.1868046066757758,1.9305889423076923,24.0,13.95,33.14999999999999,19.75,27.25,0.052168164719457455,0.030328916002570885,0.07173472624304002,0.04296200445025563,0.059309566304076515,56.0,44.425,66.1,49.5,59.25
1957,20,56696.5,56600.025,57081.625,56650.0,56815.5,235.0,214.95,268.25,229.25,250.75,0.503909403815918,0.4612329916360706,0.5716367936775395,0.4914876670141708,0.5365033133267199,69.0,55.475,87.14999999999999,64.5,73.5,69.0,55.475,87.14999999999999,64.5,73.5,166.0,149.95,192.14999999999998,158.75,174.5,0.0,0.0,0.0,0.0,0.0,10.41125541125541,6.288140652986834,13.618316438083879,9.081961345740874,11.79709769370303,49.281623887923104,46.221509971509974,54.22835070068272,46.95652173913044,50.1848911544729,23.19854058984494,19.381467062800944,27.373271214252224,21.92068056554038,25.361516122271787,1.5383263009845287,0.6067716041858926,2.500101144960957,0.8954933954933955,1.9103516373389926,24.0,15.9,34.099999999999994,20.75,27.25,0.051530646104299076,0.03411205266274107,0.07245437272240615,0.04454501109053609,0.05832673504136395,55.0,45.425,66.57499999999999,49.5,61.5
1958,20,57678.0,57512.85,58107.05,57593.0,57772.75,239.5,213.95,269.25,230.75,252.25,0.5061071699873279,0.449331328088427,0.5631348921465167,0.4878394171099478,0.5311713569948114,71.0,56.475,86.19999999999999,65.5,76.0,71.0,56.475,86.19999999999999,65.5,76.0,170.0,144.75,196.2,160.75,180.75,0.0,0.0,0.0,0.0,0.0,10.151701746529334,5.90423520514275,13.263508579773637,8.872680527610104,11.687994380478269,49.03239834746684,46.660822676645644,55.27227954971857,47.794251409859925,50.50856870834655,22.960875331564985,18.626432002956395,27.355910041841003,21.822603304523106,25.53986710963455,1.5182648401826484,0.5936454849498328,2.5052622644712264,0.9134303730331781,1.9495201181247692,24.0,14.9,34.099999999999994,20.5,28.0,0.05072925450126266,0.031490060902845285,0.07167160445030704,0.04335457849104261,0.05866938196415951,55.5,46.0,66.525,50.5,61.5
1959,20,58628.0,58461.5,59095.825,58545.5,58739.5,240.0,213.475,273.2,237.75,255.25,0.5006366663360581,0.44169345774080615,0.5653532812168988,0.4937556799120264,0.5300213816698012,73.0,59.95,87.625,66.0,76.5,73.0,59.95,87.625,66.0,76.5,171.5,144.7,197.2,162.75,177.75,0.0,0.0,0.0,0.0,0.0,10.274931890564446,6.328729660552136,12.653438415399636,8.959362370902559,11.777115909655,48.946772780373834,46.12367957746479,56.47885120760855,47.844200971527854,51.11719408953172,22.4413357400722,18.29122828480548,27.20281862745098,21.622785433070867,25.33165682629929,1.6530054644808745,0.5831836551414459,2.5560032232070906,0.9125586854460094,1.8665434509694516,24.5,15.375,33.05,21.5,28.0,0.05110730942988634,0.03198681441780826,0.06849368502332862,0.04478945186450273,0.05822237012990526,55.0,44.9,66.57499999999999,50.25,62.5
1960,20,59466.0,59266.025,59910.875,59372.75,59568.0,244.0,216.9,275.775,238.0,257.5,0.5022534897948931,0.4441054773012034,0.5646168744545544,0.4866758997708006,0.5289746118472091,72.5,59.85,85.14999999999999,65.75,77.5,72.5,59.85,85.14999999999999,65.75,77.5,174.5,146.125,201.625,161.75,183.75,0.0,0.0,0.0,0.0,0.0,10.369197357705186,6.237642024494614,12.878614916286148,8.76227495908347,11.89094387755102,49.37483787289235,45.5529440870856,56.66284860557769,47.76004923574368,51.66403057862133,22.84409654272668,18.417810240519405,27.53780864197531,21.5795666015595,24.885242385242385,1.613139279616229,0.5814339981006649,2.2717717717717716,0.8466312056737588,1.8518518518518516,25.5,15.375,33.574999999999996,21.5,29.0,0.05253583255187652,0.031650783465669616,0.06858039553091975,0.043897169300632505,0.0595132753483493,56.0,46.475,67.0,50.0,62.5
1961,20,60215.0,60029.65,60705.675,60140.25,60295.0,248.0,220.9,277.2,236.75,258.5,0.5050092850142216,0.4472072548275926,0.560101004805485,0.48297404880560335,0.52552612792706,72.5,61.95,86.24999999999999,65.0,79.0,72.5,61.95,86.24999999999999,65.0,79.0,173.5,151.5,204.2,166.75,183.25,0.0,0.0,0.0,0.0,0.0,10.524579052511415,6.150883892559856,12.759941329856584,8.84049773755656,11.948224799915383,49.77966726845651,44.953615397953875,56.60118844049247,48.27928870292887,52.33876476566535,23.0853705118411,18.076177698270723,27.21953063739218,21.32278062637343,25.165342038035764,1.5104879160966713,0.5836443572874495,2.440694581950187,0.8465636844740041,1.8645330684076071,25.5,15.85,33.14999999999999,21.75,29.0,0.051884418727514967,0.032256484241166235,0.06737190816148339,0.044503231490655645,0.058645434205411906,57.5,46.475,67.05,51.25,63.25
1962,20,60975.0,60674.725,61488.3,60885.0,61042.25,252.0,222.425,283.0,238.0,258.5,0.5077678339731424,0.44602013170983795,0.5685062458122174,0.4809015528372864,0.5205894918260571,72.5,60.95,88.24999999999999,67.5,77.5,72.5,60.95,88.24999999999999,67.5,77.5,179.0,152.325,206.625,166.5,185.75,0.0,0.0,0.0,0.0,0.0,10.61531784188034,5.6404078041000405,12.653388764558864,8.393775761255073,11.941964285714285,50.09505703422053,45.011817226890756,57.05522352545978,48.490620314515844,52.67891272032279,22.818211861606123,18.861095113009032,27.39351964852331,21.371217757936506,25.654082925946046,1.2920494961470066,0.5769761029411765,2.4208144796380084,0.837720980508386,1.776351877128752,26.0,15.325,32.62499999999999,20.75,29.0,0.052446880346544045,0.0308876761588636,0.06565128382671671,0.041967451061796536,0.05840830088358939,57.0,47.0,71.19999999999999,52.75,64.0
1963,20,61709.0,61374.875,62276.175,61626.5,61778.5,254.0,224.425,284.05,241.0,260.75,0.5086825892645543,0.44782080549862835,0.5679155865306542,0.4813759928196053,0.5197289432058396,73.5,58.9,87.625,67.75,78.0,73.5,58.9,87.625,67.75,78.0,178.0,155.9,205.0,170.75,189.25,0.0,0.0,0.0,0.0,0.0,10.537419498112369,5.645348837209302,12.86547321210642,8.580562659846546,11.665733759178163,50.821543807396374,46.46265560165975,56.05685265189815,48.453777164539495,53.25080262165081,23.06270159704193,19.60456566347469,26.995878162523407,21.23349738301695,25.227038183694532,1.2751786874593891,0.7646241591108511,2.504025584828018,0.8298755186721992,1.5594720378423743,25.5,15.375,33.099999999999994,21.75,28.25,0.05095142845474266,0.03071417950504556,0.06569613014249652,0.04345692724241878,0.05654570066069146,57.0,48.95,70.625,52.0,63.25
1964,20,62478.5,62057.925,62982.975,62360.75,62566.75,260.0,228.95,290.15,245.5,266.25,0.5155606535978912,0.450781136840653,0.5742454200803785,0.4850910005968475,0.5273950415510503,74.5,58.95,86.625,68.0,79.0,74.5,58.95,86.625,68.0,79.0,182.5,159.0,214.14999999999998,174.0,193.25,0.0,0.0,0.0,0.0,0.0,10.314257764734654,5.4665684145206335,14.34374616517364,8.837932008663717,11.496976046478403,51.5912559475716,46.7780673989946,56.887798634812285,47.963314674130345,53.62611389227359,22.89086660229769,19.185585143371373,27.25609756097561,21.042565029906804,24.593094674037026,1.2987256371814093,0.7472108044627128,2.8981506418888587,1.1461598746081505,1.6837464801735678,26.0,15.325,36.574999999999996,23.0,29.0,0.05146551110251986,0.030350057152405935,0.07227895122536672,0.04580185000688694,0.05739255253583258,56.0,50.0,70.625,53.75,65.25
1965,20,63175.5,62794.125,63722.1,63116.75,63296.25,263.0,230.375,294.0,247.25,272.25,0.5152423724155708,0.4495864416934085,0.5752458213701984,0.4858136253554324,0.5336654460048749,74.0,59.9,85.525,67.75,79.25,74.0,59.9,85.525,67.75,79.25,186.5,161.425,218.14999999999998,175.0,197.5,0.0,0.0,0.0,0.0,0.0,10.685622563632194,6.0923269345053,14.495098039215684,8.724469756480753,11.968677457807892,51.99487482751823,46.84779440342014,56.81448778773502,48.09723889555822,53.50180278383365,22.913184248174083,19.886292964053236,27.170010687912942,20.276915113871638,24.62262550881954,1.4508180563768973,0.7747113997113997,2.7925170068027207,1.1194493967411585,1.8763529679845048,27.5,16.375,37.525,23.0,31.0,0.05351581969809094,0.032133622203046025,0.0734277350752649,0.04542679050216904,0.060705257309814895,56.5,49.95,70.625,53.75,66.25
1966,20,63958.0,63560.225,64490.0,63879.0,64057.0,263.0,235.85,295.15,245.0,275.25,0.5115378120124789,0.45618194428892783,0.5722192552758161,0.4774111352843871,0.5381128936458369,75.0,59.95,85.05,66.0,80.0,75.0,59.95,85.05,66.0,80.0,184.5,163.475,221.14999999999998,176.75,198.25,0.0,0.0,0.0,0.0,0.0,10.86363301128402,5.802930546428752,14.52685950413223,8.747476316198167,11.45991469673968,51.78908810487758,46.45227250465276,56.96159581458828,48.29065588499551,53.955997864714405,23.421830377897322,19.49537823052254,27.484082672152024,20.202245125899534,24.798048841111044,1.4391468654552986,0.753227408142999,2.6325719388195985,1.099075506884101,1.943908193908194,27.5,16.375,38.05,23.0,31.0,0.053075992250573446,0.031842115392525405,0.07376113212082816,0.044790894356244094,0.060140327068461605,59.5,48.475,72.0,55.0,66.0
1967,20,64750.5,64287.25,65260.875,64627.25,64809.0,268.0,241.375,296.625,249.75,284.25,0.517164025910327,0.4636993177354038,0.5697313357884165,0.4815523619089982,0.545805287863772,78.5,60.475,86.05,69.0,83.0,78.5,60.475,86.05,69.0,83.0,186.5,169.9,224.34999999999997,179.5,200.0,0.0,0.0,0.0,0.0,0.0,10.612572493786246,5.813630330180853,15.01561059425027,8.505283822730881,11.162361623616235,51.82225063938618,46.58320530055694,57.19849698496984,48.74285714285714,54.06798245614035,23.23265306122449,19.816955858864528,26.734400978762118,20.566699483140535,25.279990044798407,1.313999283924096,0.5657174399612849,2.7142019791056096,1.0535775629386073,1.9763779527559056,27.0,16.9,40.05,22.75,30.25,0.05162689532975066,0.03254545598769138,0.0768623014227798,0.04382293674361576,0.058289725218261174,62.0,49.475,72.14999999999999,57.0,67.0
1968,20,65497.5,65011.85,66022.4,65373.25,65617.5,269.0,242.425,299.05,253.5,282.5,0.5132630481460554,0.4619689637928289,0.5674978362121565,0.4861709279987396,0.5384331726649563,80.5,58.85,87.525,69.25,83.5,80.5,58.85,87.525,69.25,83.5,188.5,169.475,230.25,181.75,198.5,0.0,0.0,0.0,0.0,0.0,10.72366790582404,6.111553095814597,14.950679259579994,8.32609796686202,11.50070126227209,51.83780760626398,47.35011237440508,57.10792802751167,48.95852641334569,53.662985877979075,23.285714285714285,19.72332793334876,26.063490340785762,20.98812170047235,24.967215801983443,1.3191244239631337,0.5556657265409248,2.688629323696438,1.0195434105845729,1.9721605712631476,28.5,18.0,40.574999999999996,22.25,32.0,0.0540630820541667,0.03435619380315218,0.07718036826402454,0.04243537434464988,0.06086419645603279,62.0,49.95,72.1,57.0,67.0
1969,20,66279.0,65765.575,66834.4,66150.25,66343.75,272.0,243.425,305.15,258.5,285.75,0.516503708440079,0.4599109104008786,0.5758039327767768,0.49092603142583224,0.5397705462043623,80.5,57.8,90.525,72.75,83.5,80.5,57.8,90.525,72.75,83.5,192.5,173.0,228.2,186.75,199.25,0.0,0.0,0.0,0.0,0.0,10.626315941276571,6.5016333311035295,15.041040936424732,8.004158004158004,11.228070175438596,52.18485970900816,46.611680634540555,56.999246897936736,49.26006037782827,53.55690192743764,23.647912885662432,19.60540533903092,26.6641429436705,21.189178623988226,25.651002693804248,1.373995427871132,0.550275482093664,2.7074175824175826,1.0337752525252524,2.1211634260003214,27.5,19.0,40.0,21.0,33.0,0.051772610859465204,0.036198325375155174,0.07544172702773658,0.03987730711145723,0.06237891343553179,66.0,49.95,73.1,59.5,68.5
1970,20,67005.5,66498.55,67620.55,66872.75,67117.75,275.5,246.375,307.0,259.0,287.5,0.5197072355388069,0.4622839787795758,0.5757258246926581,0.48706120436388917,0.5398235154584178,80.0,58.95,91.525,75.25,83.0,80.0,58.95,91.525,75.25,83.0,193.0,173.425,228.525,188.0,201.5,0.0,0.0,0.0,0.0,0.0,10.118119536971415,7.0056808390162235,15.287042875157628,8.14569144210838,11.160860205358249,51.41781070041098,46.44559812810763,56.096073502336786,49.360410830999065,54.03740397128584,23.725490196078432,19.81067355666429,27.32716902868994,21.5945590121327,25.450910988267147,1.3632095702875955,0.37633303080152025,2.8758756960661036,1.0323164962964673,2.0760566696754443,26.0,19.0,41.0,23.0,33.0,0.048561211556044134,0.03586780266638042,0.07679129547993632,0.043567541394993047,0.06202862074495813,67.0,49.95,74.525,61.0,69.25
1971,20,67724.5,67247.35,68351.65,67631.5,67799.0,278.0,246.325,316.1,259.0,293.0,0.5190174411149603,0.4580794408283792,0.589215312059667,0.4853049560859559,0.5437680942505404,82.0,60.425,94.57499999999999,76.75,85.0,82.0,60.425,94.57499999999999,76.75,85.0,197.0,170.9,225.67499999999998,188.75,207.25,0.0,0.0,0.0,0.0,0.0,10.218492445054945,7.031930942004693,14.777628656053311,8.04707922287756,11.667591564927857,52.70946937919463,46.900432030543556,56.92675159235669,49.60472440944882,53.79619902588101,23.45627849150435,20.116510468294734,26.658339222614842,21.61313196656051,24.983646629484266,1.553814452750623,0.3547459252157239,2.774521018015441,1.0377714501355106,2.015158215408805,27.0,18.475,40.525,23.0,33.25,0.0504559883503137,0.03464532159918764,0.07528994493102883,0.043076863279194244,0.061986457402001024,67.0,51.85,76.525,60.75,69.25
1972,20,68443.0,67925.125,69121.975,68348.75,68586.5,283.0,251.375,316.1,262.75,293.0,0.5254469255956792,0.46052865697745315,0.585126502605517,0.4890096843617942,0.5407285644563904,84.5,62.325,95.57499999999999,76.0,89.0,84.5,62.325,95.57499999999999,76.0,89.0,196.0,173.325,226.25,189.75,207.25,0.0,0.0,0.0,0.0,0.0,9.736842105263158,6.867351320403635,14.975577987626178,8.013658089877602,11.55939379064916,52.95037203904704,47.215890589384564,57.55555356759464,50.50434428455064,54.166666666666664,22.923220973782772,20.33679237497937,26.102780677612227,21.67680735582047,24.383838383838384,1.71265015015015,0.3529026217228465,3.019551681195516,0.9180042398546335,2.1020386033398397,26.0,18.95,40.0,22.75,33.25,0.04828090865573181,0.03531238430379432,0.07376096612191362,0.042602631196044495,0.06163639442231125,66.5,53.375,78.05,59.75,69.0
1973,20,69145.0,68649.05,69859.05,69026.75,69234.25,281.5,256.8,320.05,267.25,297.5,0.5203822456482916,0.4670635558843623,0.5889636175030843,0.4943079469123936,0.5441843307912742,83.0,65.425,97.525,75.75,88.25,83.0,65.425,97.525,75.75,88.25,200.0,176.475,230.29999999999998,189.75,208.5,0.0,0.0,0.0,0.0,0.0,9.399201108665526,6.988226968605249,14.617123256553539,7.859103887546673,11.571865936190784,52.67791636096845,47.659920039980015,57.166313807139844,50.18848102830305,54.54501666024435,23.582375478927204,19.860214661658702,26.167948563874532,21.964387871853546,24.950562353231984,1.698189366855034,0.5200098814229249,2.949072586881773,0.9081313907801938,2.187615869484613,26.0,19.475,40.525,23.0,34.0,0.04789371993525243,0.0360736252715602,0.07423311834166477,0.04248694958135634,0.06271992345643214,68.0,55.0,79.05,59.75,71.0
1974,20,69850.0,69314.1,70601.4,69714.0,69951.75,282.0,257.225,328.2,272.5,295.0,0.5191260593581762,0.4646589399778754,0.5995945585267466,0.5009528184778604,0.537243108490855,82.5,67.9,99.0,77.0,88.25,82.5,67.9,99.0,77.0,88.25,199.5,183.9,235.1,194.75,210.25,0.0,0.0,0.0,0.0,0.0,9.571025988936437,7.052725388364994,14.60130313372634,7.817732729558629,11.44109769967348,52.22861800213947,48.058712121212125,57.00298391872808,50.938831371111824,54.613787375415285,23.30746503341322,19.848541896930758,26.379922903951172,21.79232804232804,25.0,1.907283011131345,0.38811183535518134,2.61310978178448,1.0418693000423387,2.185814185814186,26.5,19.475,40.525,23.0,33.0,0.048660428504593845,0.03578574842123104,0.07365663700852353,0.04212320253071983,0.06046226404501686,68.5,55.425,81.57499999999999,61.5,71.25
1975,20,70530.5,69994.35,71294.85,70409.75,70709.75,287.0,263.325,336.775,276.0,299.0,0.5247171181757073,0.47504658802430877,0.610909675454686,0.5039065483038427,0.543353127212779,84.5,71.0,100.57499999999999,76.75,89.0,84.5,71.0,100.57499999999999,76.75,89.0,205.0,186.375,242.525,196.0,211.25,0.0,0.0,0.0,0.0,0.0,9.394952873213743,7.234722479740857,14.893989533630904,8.260522387196076,11.723318713450292,52.03022875816994,48.62378922898102,56.922382671480136,50.829965881869,54.567237873947136,23.700385456818417,20.323915525114156,27.059877622377623,22.035953177257525,25.325755559319575,1.9096888924814843,0.3771367521367522,2.579642579642579,1.0239684466019416,2.1486591026302215,27.0,20.0,41.525,24.0,33.25,0.04932208054306944,0.0364811313161394,0.07487785107193293,0.043751149430936394,0.06003052233283057,70.0,57.0,83.14999999999999,62.25,73.75
1976,20,71185.0,70676.675,72034.85,71077.25,71392.25,287.5,264.95,339.525,280.5,301.5,0.5215498954318374,0.4750364572330433,0.6123328110189242,0.5035312507310982,0.544593280920535,83.5,70.475,100.05,77.0,92.25,83.5,70.475,100.05,77.0,92.25,206.0,185.75,244.575,197.5,211.5,0.0,0.0,0.0,0.0,0.0,9.354995543310915,7.397528160200251,15.375438596491227,7.863670982482864,11.183365740910592,52.03744301771236,48.994131670640016,56.95035460992908,50.639902900688305,54.61340984596798,23.753869969040245,20.118814432989687,26.837179066420944,22.09207943219571,25.292651506665173,1.8861563575712408,0.36082541420619707,2.4014317576804087,0.9029805146309999,2.127659574468085,27.5,21.0,43.62499999999999,23.0,33.0,0.049626633738120624,0.03802310180150429,0.0781517844926216,0.04200098240546567,0.05879347008883805,70.0,57.475,83.57499999999999,62.25,75.0
1977,20,71854.5,71378.575,72805.625,71735.5,72104.0,291.0,266.9,341.825,283.75,306.0,0.5253134205251566,0.4748335148018105,0.6123891003300158,0.5092173139393552,0.5480176001216448,87.0,72.475,99.05,80.0,95.0,87.0,72.475,99.05,80.0,95.0,209.0,186.325,247.2,198.5,213.75,0.0,0.0,0.0,0.0,0.0,9.104780123431485,7.091030267972789,15.687944942537113,7.950108134086266,11.248527679623086,52.361426624261696,48.23316811235026,56.744715365366,50.29980464152898,54.40871680884297,24.15851775604735,20.422730948049324,26.557132765243495,23.062338142804293,25.689754968165158,1.9893536838138308,0.5291236605088423,2.6021132642833273,0.9609161694812418,2.1183148714350155,27.5,20.0,45.099999999999994,24.0,33.0,0.04940440010349054,0.03594402219927232,0.0802368217560464,0.04302492283930636,0.058774906977998274,73.0,60.0,84.0,63.25,75.0
1978,20,72508.0,71940.625,73482.3,72398.0,72772.5,295.0,270.325,343.4,288.0,312.0,0.5282218061530111,0.4778503348374051,0.6115420984080682,0.5147517241992879,0.5521312099780533,90.0,73.425,102.525,81.75,95.25,90.0,73.425,102.525,81.75,95.25,209.5,188.325,245.2,199.75,215.0,0.0,0.0,0.0,0.0,0.0,9.310787671232877,7.4153574681238625,15.433862062511695,8.016826923076923,11.150044403258814,52.23644455332354,48.617610554380796,56.80389949034017,50.28900441612164,54.95337995337995,23.853923853923853,20.08645697522816,26.522611495578623,22.724241998877034,25.87797795424914,1.8791289454367508,0.5287970456509783,2.5654748084513574,1.027433164424253,2.083333333333333,27.5,22.0,45.05,25.75,32.25,0.04912436197312725,0.03925267153770663,0.07967818034640833,0.04577574870097628,0.056838661853706056,73.5,61.0,85.05,63.5,76.25
1979,20,73188.0,72540.55,74105.625,73069.0,73414.0,297.5,269.95,339.34999999999997,291.25,312.75,0.5290097187739815,0.47439009077571975,0.6003207605927549,0.515081199462659,0.5498864556194345,89.0,74.475,104.525,83.0,98.25,89.0,74.475,104.525,83.0,98.25,210.5,190.425,243.525,201.25,218.5,0.0,0.0,0.0,0.0,0.0,9.501823251823252,6.9724025974025965,15.527190368057525,8.115166155252334,11.242527378679796,51.90974524673571,49.15405405405405,57.22718253968254,50.18437537525517,55.49847792998478,23.8125,20.272784280936456,26.566286485899955,22.841800908715406,25.763606071825247,1.7706664809527124,0.5161132321912991,2.823221053156477,0.988357417807787,2.0532603285216524,29.0,21.0,45.05,24.0,33.0,0.05142632256833318,0.03723386920892602,0.0792438683454841,0.042403401954893234,0.0578197525050638,74.0,60.475,84.05,67.5,77.0
1980,20,73805.5,73181.15,74747.95,73668.75,74080.0,301.5,265.125,338.775,295.25,315.25,0.5333840857674812,0.4632158085423306,0.5953726566194167,0.5198536823613127,0.5519892722645219,90.0,73.85,103.525,86.75,99.25,90.0,73.85,103.525,86.75,99.25,212.5,187.95,243.525,202.75,221.25,0.0,0.0,0.0,0.0,0.0,9.293264707510101,6.7461382202137825,15.48442064264849,8.080596179972828,11.42970401691332,52.436323366555925,49.07640595140595,57.38816889632106,50.790820658370336,55.51376568368896,23.59200450823748,20.623022151898734,26.898621202286478,22.425249169435215,25.539492981353447,1.7541432217200135,0.5191029900332227,2.962134764460345,1.019906402604449,2.0524785801713588,29.0,20.475,45.62499999999999,24.0,34.25,0.05087527756533177,0.03627806214852396,0.0797161656535785,0.0421287297965175,0.060093017541281143,73.0,58.95,85.0,66.5,77.25
1981,20,74413.0,73731.7,75373.675,74289.75,74712.75,303.5,270.175,341.4,297.0,313.75,0.5344165960665398,0.4688233029360368,0.596635174263423,0.5208339079523215,0.5475708227274483,90.0,77.475,104.05,87.75,101.0,90.0,77.475,104.05,87.75,101.0,213.5,189.375,245.575,201.5,222.25,0.0,0.0,0.0,0.0,0.0,9.240096391848127,6.740172579098754,15.214692912306356,8.128179638617624,11.79423956546598,52.84395456834331,49.14486849628359,57.73489932885906,51.0017156950352,55.66919308623717,23.355327468230694,20.349322487469205,26.964285714285708,22.307363214402926,25.54346155028749,1.7512410369553226,0.5103390461997019,2.952531645569619,1.0025583095222272,1.9865811796079322,28.5,19.95,45.099999999999994,24.75,35.5,0.049935626778193715,0.03510146108070628,0.07829666544708229,0.0432567279315749,0.062254141512435066,72.5,61.475,85.525,65.75,78.5
1982,20,75074.5,74357.325,76044.925,74915.0,75380.25,307.5,270.125,347.92499999999995,290.75,312.5,0.5343553873828981,0.4652168573206979,0.6038599122658412,0.50941951028123,0.5448564770204525,92.5,77.475,105.525,88.5,102.25,92.5,77.475,105.525,88.5,102.25,209.5,186.475,251.525,200.5,221.5,0.0,0.0,0.0,0.0,0.0,9.618688871266192,7.214164976335362,15.14094384869463,8.53448275862069,11.863903002568502,53.03280814368152,50.238309163514074,58.601591085486184,51.68391098761821,56.739635800077494,23.61535523300229,20.65878480859067,27.413556108543666,22.236986602240282,25.19875235746409,1.7241379310344827,0.5272059787596697,3.089485788418444,1.2573964497041419,1.9901830186493685,30.5,21.475,45.099999999999994,26.5,35.75,0.05306150733206785,0.0375351562201366,0.07771115059711127,0.04598043328203323,0.06217399976873529,74.5,61.0,84.525,67.25,78.0
1983,20,75788.5,74987.75,76748.925,75585.75,76045.25,310.0,273.075,353.29999999999995,296.5,317.5,0.5325872181791778,0.4668065592376443,0.6100057475339455,0.5127027917225049,0.5518473264866074,95.5,79.425,108.1,89.75,102.0,95.5,79.425,108.1,89.75,102.0,212.5,187.95,251.625,198.25,224.25,0.0,0.0,0.0,0.0,0.0,9.918133355897783,7.118663594470045,15.228526398739163,8.839465477083415,11.970480827754109,53.93649974186887,50.306451612903224,59.15996586078069,52.34059656564274,56.93408943013851,24.233923912487423,20.942732115677323,28.186078943652024,22.256711906596337,25.695033955857387,1.715270912771266,0.5065547659887283,3.0787490668159747,1.2903225806451613,1.965751247873474,31.0,21.475,46.099999999999994,28.25,35.5,0.053549168598283264,0.03724099548637849,0.07885245373679158,0.04877511750757565,0.0613491726696317,76.5,61.95,84.525,68.25,79.25
1984,20,76456.0,75667.225,77441.1,76237.5,76708.0,309.0,275.025,357.25,294.5,323.25,0.5300576384699478,0.4679138075788818,0.6118675953823283,0.5072087646113951,0.5528993447557646,95.0,81.95,111.14999999999999,90.5,101.5,95.0,81.95,111.14999999999999,90.5,101.5,213.5,185.0,251.14999999999998,200.5,229.25,0.0,0.0,0.0,0.0,0.0,10.11220405382388,7.391965255157438,15.352434077079108,9.069734613212875,11.703204927445453,55.05169172932331,50.74623367927687,59.57479149852031,52.835314091680814,57.03790438424343,24.43089280426414,20.70756152594847,28.789294054248245,22.64940702271142,25.09984639016897,1.6238551426465944,0.49895572263993315,3.045402627070244,1.354552430520802,1.9592190982341846,32.0,22.475,47.099999999999994,28.5,36.0,0.0547055787509111,0.03865733174978558,0.07989226278549635,0.04883792740295458,0.061944302182796236,77.5,61.9,85.525,72.25,80.25
1985,20,77185.5,76328.35,78145.275,77000.5,77409.0,312.5,276.25,353.525,302.0,326.0,0.5331837577110665,0.46541203674184445,0.6006837658503326,0.5150175921073951,0.5555572984402489,97.0,81.8,112.19999999999999,92.25,103.25,97.0,81.8,112.19999999999999,92.25,103.25,216.0,186.85,247.575,201.75,227.75,0.0,0.0,0.0,0.0,0.0,10.228857890148213,7.654731275014294,14.655671895046144,9.403979782498256,11.73781418540755,56.15011185166394,51.64676314626601,60.112320194283576,53.88909026784489,57.436330561330564,24.319696408737506,20.800198849574137,28.933218806716354,23.205075304311947,25.495881949210705,1.748159431327748,0.49912381775409287,3.010939479582885,1.4036198745032826,2.010674040377011,33.0,23.475,45.574999999999996,29.75,37.0,0.05574798840383578,0.04015734267226604,0.07673145103867983,0.05053837796470255,0.06200165179483686,77.5,63.375,88.05,72.5,81.75
1986,20,77842.5,77015.625,78838.55,77674.5,78132.5,312.0,275.675,359.1,304.5,326.0,0.526559707427233,0.4610077612196185,0.6052569531215307,0.5131110966168103,0.550601122935192,99.0,81.8,113.14999999999999,93.25,104.75,99.0,81.8,113.14999999999999,93.25,104.75,219.5,186.75,250.14999999999998,200.75,228.25,0.0,0.0,0.0,0.0,0.0,10.489247311827956,7.9318807676946035,14.49049244271087,9.545916884626562,11.782106782106782,56.6161741990134,52.05540570296158,60.7681836860489,54.43360962132293,58.06481481481481,24.357920690363674,20.63846945778998,28.958650131224722,23.017568850902183,26.154151242728716,1.7376142376142374,0.504470847623714,3.017918423374839,1.380078091762548,2.1056257175660162,33.5,24.475,45.099999999999994,30.5,36.0,0.05618210152997993,0.0415577153114621,0.07540274777370115,0.051451525473404126,0.06113059062272145,77.5,62.375,90.05,73.0,81.5
1987,20,78545.5,77661.85,79519.95,78354.5,78815.25,315.0,277.2,359.25,307.25,329.0,0.5274975431013945,0.46104227790634794,0.6011277071917424,0.5149715406756232,0.5530702804522989,98.5,83.225,117.14999999999999,95.0,105.25,98.5,83.225,117.14999999999999,95.0,105.25,219.0,189.225,248.1,201.25,228.75,0.0,0.0,0.0,0.0,0.0,10.19827989492245,8.061919181372037,14.589768339768339,9.629577914306232,11.59035409035409,56.68290043290043,52.139340919683086,61.28300042581194,55.6716537966538,59.29491222537581,24.242979242979242,20.82274011299435,29.138719512195117,22.52270896724539,26.51886233458424,1.7648888197791945,0.5029294500899499,3.1425256330588773,1.3613456080343498,2.1321321321321323,33.0,24.95,46.099999999999994,29.75,36.25,0.05496042091503616,0.04204951510568568,0.07647509539572558,0.04980138540708737,0.06089852191002701,77.0,64.375,94.14999999999999,71.0,82.25
1988,20,78727.0,77817.7,79790.6,78402.25,78944.75,316.5,276.4,356.15,308.5,326.5,0.5289696261750266,0.45629637238806886,0.5926577506176738,0.5145828216456519,0.5396558096060751,99.5,83.7,114.725,91.75,107.25,99.5,83.7,114.725,91.75,107.25,216.0,191.275,247.2,204.0,226.0,0.0,0.0,0.0,0.0,0.0,10.304197460255047,8.319589329155157,15.02480163915575,9.800120454716556,11.897372597425498,57.92307692307692,52.49046184738956,61.36956651540483,56.29780181632904,59.39698516030993,24.4416088199265,20.933491991107566,28.69842383231556,23.488271337500773,26.18189618189618,1.8354803401532371,0.35903980356681314,3.124874118831822,1.3756940729399179,1.9706440450943186,33.5,25.9,46.62499999999999,30.75,37.25,0.05565680647209062,0.04312235977493531,0.07699565675678295,0.05129775565464936,0.06254949112553121,77.5,63.475,91.57499999999999,72.0,83.0
1989,20,79437.0,78505.8,80513.85,79182.25,79669.25,314.5,277.7,356.15,306.0,326.25,0.522985510416502,0.4559320621840926,0.588200924935031,0.508623197572688,0.5402293975347341,100.5,83.425,114.19999999999999,92.75,104.0,100.5,83.425,114.19999999999999,92.75,104.0,215.5,190.0,252.67499999999998,203.75,226.25,0.0,0.0,0.0,0.0,0.0,10.436871996505024,8.316411849020545,14.678925577591494,9.799258139012078,11.707410236822,58.39949476723205,53.154190992493746,62.06020220588235,56.809521512637474,59.69282897294895,24.957337883959042,20.898903917910445,29.73718072963776,23.367585733640666,26.541524793550156,1.860469588292983,0.35949150787075396,3.011884904086738,1.5393799954202967,1.9842868654311039,33.5,25.9,46.14999999999999,29.0,37.25,0.056017344683471144,0.04278295014990901,0.0756239979833245,0.04801667409883788,0.06196824134578794,78.5,65.95,92.57499999999999,73.0,83.25
1990,20,80154.5,79248.45,81243.225,79887.25,80333.5,317.0,276.95,356.34999999999997,308.5,328.5,0.5229476726809619,0.45194026709252644,0.5850627817530545,0.5049289964062572,0.5371741485878043,112.5,92.95,129.1,105.0,116.25,112.5,92.95,129.1,105.0,116.25,204.5,179.425,235.92499999999998,193.0,219.0,0.0,0.0,0.0,0.0,0.0,10.522621318075863,8.186843775689654,14.374999999999998,9.875429175103442,11.49453926331963,58.59678282986034,52.815153927813164,63.05817610062893,57.57463345698639,59.87425932623029,25.448201545133006,20.811644469108398,29.780506804747283,23.505504448801087,26.977462899792993,1.8808962264150944,0.47625365508486045,2.9442959508644213,1.6158201378970192,2.102892366050261,33.5,24.9,46.72499999999999,29.75,38.25,0.05544981784972154,0.040920189092927835,0.07595637177783515,0.04896948833806327,0.06267419782610273,80.5,67.475,95.14999999999999,73.25,84.0
1991,20,80772.0,79883.625,81837.1,80434.25,80959.25,315.5,281.175,356.34999999999997,309.25,327.5,0.5167175978207117,0.4568674323353682,0.581743625984497,0.5032872520682428,0.5346008705933171,122.5,104.425,143.0,117.0,126.25,122.5,104.425,143.0,117.0,126.25,192.0,170.95,222.77499999999998,182.75,211.25,0.0,0.0,0.0,0.0,0.0,10.632428795694103,8.392130326834629,14.786215978928881,10.052628745255337,11.862762655205348,58.7856212555353,53.42665410113089,63.53160535117057,57.27692610062893,60.409224206878164,25.370589006952642,21.34707233065442,30.10483497394325,23.923590054578533,26.53513824884793,1.8547539417104635,0.514264834843613,3.0855276596534873,1.5486423795879383,2.222401922277159,35.0,24.9,48.774999999999984,30.75,36.5,0.057339455697084485,0.04073327015222473,0.07889102021584432,0.05050025744978261,0.06018723155139928,80.0,70.0,95.625,73.75,84.75
1992,20,81279.5,80431.075,82388.875,80995.75,81432.25,313.5,278.7,352.875,306.0,330.0,0.5127526120622555,0.450794057688313,0.5737817285291955,0.49350269801301994,0.5375530390768283,136.5,112.85,148.525,128.5,142.0,136.5,112.85,148.525,128.5,142.0,179.5,160.375,211.34999999999997,169.5,195.5,0.0,0.0,0.0,0.0,0.0,10.811688311688311,8.650279156327544,15.045521985432961,10.25006346788525,11.895499618611746,59.025133282559025,54.34086849370026,64.90356837023722,57.311137991646035,61.44489247311828,25.598290598290596,21.317271589486857,29.506541845251522,24.67085531078705,26.92882997977217,1.811708774493234,0.6845238095238094,3.149653485921958,1.5233095526540137,2.2018052869116698,34.5,26.425,50.249999999999986,31.0,37.25,0.056220704552553284,0.04305921803952079,0.08093462885932202,0.05055694195563326,0.06118611265780437,80.0,69.475,96.19999999999999,74.75,84.0
1993,20,81684.0,80814.6,82857.6,81370.0,81861.25,316.5,284.075,355.17499999999995,300.75,330.0,0.5141919211639392,0.45794649501604434,0.5785811093226447,0.4893520133799765,0.5351715482536953,151.5,123.425,166.625,141.5,156.25,151.5,123.425,166.625,141.5,156.25,170.0,143.8,200.49999999999997,157.5,177.5,0.0,0.0,0.0,0.0,0.0,10.671579844752547,8.546907508984301,15.132743362831855,10.009896672034353,12.069715163233022,58.86223920009185,55.10441176470589,65.38126361655773,58.051309465839566,61.69767055780792,26.113680623174297,21.412788156888453,29.70812020460358,24.87094395280236,27.25382175740483,1.762025787255145,0.6873401534526854,3.1860619469026537,1.5275596270303153,2.1724208435564902,34.5,26.375,51.29999999999998,30.75,38.25,0.055880671256399395,0.04288559563635996,0.0823682709210454,0.049900301614810474,0.0626505057582716,82.0,70.0,96.725,76.75,85.25
1994,20,82002.0,81092.65,83227.7,81640.25,82148.0,321.0,288.85,356.22499999999997,306.0,335.25,0.5211630111721912,0.4651078541682863,0.580873801904798,0.4977264627942973,0.5414593659656767,164.0,138.325,185.1,161.0,171.25,164.0,138.325,185.1,161.0,171.25,155.5,139.375,178.725,145.0,161.25,0.0,0.0,0.0,0.0,0.0,11.094235567032872,8.807189542483659,15.44323294203642,10.327609304591402,12.371575342465754,58.70236779588747,55.4871293580971,65.10120198949987,58.16491313922192,61.56832298136646,26.242236024844722,21.167213839257528,29.82094518384841,24.884279224886434,27.488243712942136,1.838918614474796,0.49402394990630283,3.140920591110343,1.5083874458874458,2.1773097826086953,36.0,26.95,52.29999999999998,32.0,39.25,0.05822873370408014,0.043884599961127146,0.08385637275338838,0.051681160467628495,0.0635383484100554,81.5,70.475,98.19999999999999,77.0,88.0
1995,20,82289.0,81316.05,83498.8,81907.5,82393.75,323.5,287.8,354.075,304.0,330.75,0.519444217764053,0.46487014559910345,0.5788597394441488,0.493703445831923,0.5363647354926666,177.0,153.65,195.05,172.25,185.5,177.0,153.65,195.05,172.25,185.5,141.5,123.0,162.92499999999998,132.75,148.75,0.0,0.0,0.0,0.0,0.0,11.189358372456965,8.694638694638694,15.427281127281125,10.14261514513323,12.162319515603167,59.31553160215581,55.98961065454334,65.58637368711996,58.25819672131148,62.35590991984393,26.14490772385509,21.24928774928775,29.534579270494763,24.858077255337527,27.766157146688123,1.677927927927928,0.47897680198840104,3.168604651162789,1.5050951997854654,2.4190857524190856,35.0,26.95,50.67499999999999,32.0,39.25,0.057111651981943054,0.04398047424523418,0.08143630747414275,0.052678191187872855,0.06405332284518764,82.0,68.95,96.625,78.5,89.25
1996,20,82508.5,81520.125,83738.625,82174.0,82642.5,318.0,285.475,351.825,303.0,330.5,0.5188889953092688,0.46197028357833164,0.5736258005403138,0.4933612381833964,0.54017312479072,192.0,166.55,206.525,182.75,199.25,192.0,166.55,206.525,182.75,199.25,128.0,107.425,147.77499999999998,120.75,133.0,0.0,0.0,0.0,0.0,0.0,11.333153703371055,8.608490566037736,15.290387182910544,10.163270218228499,12.385558520426942,59.21212121212122,55.83285930982177,65.99085365853658,58.141447368421055,62.13337988826815,26.351596516690854,21.57294489611563,29.68567251461988,24.587391774891774,28.30472834735167,1.6769150013122869,0.6698717948717948,3.2209897610921487,1.4918369128688669,2.124445676274945,35.5,27.375,50.099999999999994,31.75,39.25,0.05774107620588059,0.04422571007218668,0.08067833941309764,0.052093947816007076,0.0646788088382732,83.0,70.325,97.67499999999998,78.75,86.25
1997,20,82651.0,81615.15,83919.4,82322.75,82823.0,316.5,279.9,351.29999999999995,303.0,330.0,0.5189929986588429,0.45484536779756246,0.5774624068554453,0.4973934935388387,0.542052608866111,206.0,179.7,220.525,197.25,211.75,206.0,179.7,220.525,197.25,211.75,109.5,92.95,133.14999999999998,106.5,118.75,0.0,0.0,0.0,0.0,0.0,11.456504427750435,8.685131635315651,15.456099143643126,10.190045850222607,12.259554171318879,59.6561550901274,55.20882740447957,66.55485065687019,58.569477637418906,62.196545284780576,26.4904257762743,21.150662729406335,30.508680012511732,24.273861747636303,28.041655516903038,1.881293057763646,0.827224655606745,3.0897897482055887,1.5936526873458163,2.225478170005906,35.0,27.375,51.0,31.0,39.0,0.05762619016955829,0.044889850775091604,0.08244815485206566,0.05095401185520768,0.06426746371259612,82.5,68.225,99.29999999999998,77.75,85.25
1998,20,82742.0,81667.6,84041.725,82437.25,82956.25,315.0,278.375,350.4,300.75,328.75,0.5192699502410969,0.45419577844153003,0.5760789391831855,0.4992633872265253,0.5427292140533475,219.0,197.475,238.0,207.0,225.25,219.0,197.475,238.0,207.0,225.25,97.0,78.95,127.07499999999996,88.75,102.75,0.0,0.0,0.0,0.0,0.0,11.054936390564068,8.955033936651583,14.747162022703817,10.446044604460447,12.265625,59.56511222910217,55.60056504217043,65.85101757677013,58.28928652958014,62.22948205064942,26.404173588039868,21.484059755156274,30.93096703860459,24.95946909396334,28.6685671303362,1.8382318495685497,0.8554347826086957,3.3569801159900563,1.5210404878316761,2.2461219210332857,35.0,27.475,49.62499999999999,30.75,38.25,0.05772469924980804,0.04564933040753799,0.0809622111036769,0.05001519790415068,0.06335007015890545,81.0,68.75,101.14999999999999,79.0,86.75
1999,20,82658.0,81560.6,83967.875,82366.0,82937.0,312.0,279.9,349.97499999999997,300.0,332.25,0.5184403835083035,0.45983366697407213,0.5814628781837698,0.5002302873635046,0.5503127293496162,227.0,206.275,246.525,216.5,238.5,227.0,206.275,246.525,216.5,238.5,86.5,68.375,109.82499999999999,75.75,90.75,0.0,0.0,0.0,0.0,0.0,10.817370200225362,8.65152733118971,14.718059936908515,10.024271844660195,12.28061451337374,59.68756626846681,55.25272812305134,66.07371794871796,58.02261251788066,61.809030080173606,26.70018261424391,21.34500915750916,30.77041895895049,25.018084272710833,28.558149142739104,1.9048386934217554,0.8830169906627889,3.4241311880338934,1.4561033217749635,2.447478991596639,34.5,26.475,50.574999999999996,29.75,37.25,0.05712952556744415,0.04421543432183384,0.08308312962602078,0.04922554771272593,0.06174169964139446,81.0,68.7,102.1,78.5,86.25
2000,20,82497.5,81455.125,83820.25,82243.25,82805.5,313.5,285.0,349.5,296.0,332.5,0.5204651854208084,0.47166525081418736,0.5852827327888246,0.5016770405169322,0.550823054663641,239.5,215.475,262.1,226.75,251.5,239.5,215.475,262.1,226.75,251.5,76.0,61.375,94.525,69.5,80.0,0.0,0.0,0.0,0.0,0.0,10.795739348370926,8.780447767516733,15.008605851979343,10.005197505197506,12.388024186775656,59.413168998445485,55.034932463903125,65.26327232278288,58.10862042149468,61.76437556154537,26.68811668811669,21.569131364166342,30.76704997085475,24.925595238095237,28.436042638241172,1.8957771787960467,1.0526315789473684,3.5985133287764848,1.3513513513513513,2.357265201256066,34.5,26.95,49.62499999999999,30.0,37.5,0.05753058501026992,0.0455062007931303,0.08219701868010637,0.05013643268150205,0.06276918715566643,82.5,69.225,103.57499999999999,79.5,87.75
2001,20,82291.5,81281.15,83643.3,82098.75,82662.25,312.5,286.475,356.54999999999995,299.75,324.5,0.5240672699858016,0.4806149539186365,0.6019970652059494,0.5043586007667945,0.5428517314861316,249.0,223.375,273.72499999999997,233.75,256.25,249.0,223.375,273.72499999999997,233.75,256.25,66.5,53.425,84.725,60.5,71.0,0.0,0.0,0.0,0.0,0.0,10.883791233217746,9.056761006289308,14.7255291005291,10.106400419699652,12.352924852924854,60.281405618716526,55.472560048647004,66.13045540796963,58.02953871756202,61.64464369985842,26.22657535701014,21.518120270808442,30.897469175859833,24.81267029972752,28.287316132143722,1.9644196763476582,1.0060851926977687,3.3720788704965905,1.2501446926727633,2.2839506172839505,34.0,27.95,49.0,30.0,37.75,0.05717305327086272,0.04756615054249802,0.08190340588369402,0.05029485777397333,0.06436228075414474,82.0,68.225,105.14999999999999,77.5,86.75
2002,20,82089.5,81053.55,83391.425,81819.0,82441.25,312.0,282.85,351.075,300.0,320.5,0.5258818397387142,0.4771368384398339,0.5977507478616281,0.5109516506898506,0.5439109725559554,255.5,228.475,285.575,243.25,262.75,255.5,228.475,285.575,243.25,262.75,58.0,43.9,72.625,53.75,63.5,0.0,0.0,0.0,0.0,0.0,11.079676355124684,8.86989724209014,14.573717948717947,10.148809523809524,12.303321678321678,59.51756116811365,55.3836037849391,66.36048741263068,58.538085845778156,61.68179646440516,26.341356149048455,21.751036953242835,30.789720157909017,24.600667514857868,28.211163836163838,1.9834764933446989,1.018047480620155,3.5599400599400584,1.256931245958814,2.516025641025641,33.5,27.475,49.05,30.75,37.5,0.05687481736048165,0.04728931861420095,0.08294485792450454,0.05196568078024001,0.06463356498809061,81.0,67.225,104.05,77.5,87.5
2003,20,81902.5,80891.925,83218.775,81618.5,82347.25,308.5,278.425,348.92499999999995,296.75,322.25,0.5343721842934794,0.47467014962440235,0.5986350606983222,0.5111740864206044,0.550779173439992,259.0,228.0,290.2,253.25,271.25,259.0,228.0,290.2,253.25,271.25,50.0,36.75,63.0,48.25,55.25,0.0,0.0,0.0,0.0,0.0,10.744348244348243,9.10497482973053,14.719333313294657,9.759773474607234,12.712780250721437,59.252687561511095,55.43420685061028,66.81931404483616,57.980591923289694,61.954078606437115,26.26469085334696,21.054635446411577,31.0610119047619,24.842436974789916,28.35183397683398,1.967234262125903,1.0410231660231661,3.657863376677997,1.396103896103896,2.611390429958391,32.5,28.0,48.525,30.0,37.75,0.05611276555060728,0.04862302297053891,0.08325591511160713,0.052044197829354766,0.06578296702731914,80.5,64.75,102.525,77.0,87.25
2004,20,81760.0,80718.775,83067.25,81434.5,82231.25,308.5,273.425,343.45,298.0,323.0,0.541758950162638,0.47022385688829005,0.5978361287341207,0.5196198077479315,0.5555039351219071,263.5,234.9,291.05,257.75,279.25,263.5,234.9,291.05,257.75,279.25,43.5,28.375,58.574999999999996,42.0,45.75,0.0,0.0,0.0,0.0,0.0,10.755767970533071,8.694638694638694,14.62820489052854,9.5105073751555,12.466275659824047,59.40886222910217,55.230675013609144,67.2282608695652,57.318317909635276,61.64836282285947,26.578386850460156,21.56452882156207,31.595913386588684,24.83974358974359,28.8374703908409,2.010055891001324,1.0374204680254504,3.7799373040752333,1.426565771939844,2.717552511076917,32.0,26.0,48.525,29.0,37.25,0.055805036254122725,0.04514355665975969,0.08401690041767698,0.05019406933646068,0.06551882973672585,80.0,66.175,102.05,77.0,88.25
2005,20,81542.5,80554.25,82890.225,81232.0,82033.75,306.5,270.95,348.17499999999995,295.75,323.75,0.5424317638839136,0.4711552112481496,0.6121282779493628,0.5189300985319005,0.5607354042477146,269.0,233.0,300.675,261.0,279.0,269.0,233.0,300.675,261.0,279.0,38.0,24.275,53.67499999999999,35.75,44.0,0.0,0.0,0.0,0.0,0.0,11.038922155688622,8.368827792997822,14.812555794032175,9.254709254709255,12.521927534718596,59.05165390255826,54.84098469727212,66.91060681234765,57.28182169899961,61.640467100830904,26.875796178343947,22.476139462407478,32.32526276276276,24.416658395517338,29.146101933924257,1.9124951305025322,1.0044071412530877,3.730392156862743,1.5282468375931737,2.5599901432625805,33.0,25.475,49.525,28.0,37.0,0.05781123571857576,0.04537484974907993,0.0862247381799976,0.04830918884293734,0.06578902393542546,80.0,69.275,105.1,75.75,89.5
2006,20,81284.5,80248.575,82545.975,81019.0,81793.75,306.0,270.375,347.69999999999993,296.0,323.25,0.5481077755616053,0.4761352787912952,0.6155731581629974,0.5234948418596096,0.5674909429380375,272.5,237.7,305.25,263.75,284.5,272.5,237.7,305.25,263.75,284.5,34.0,21.475,47.19999999999999,31.5,38.25,0.0,0.0,0.0,0.0,0.0,11.45719489981785,8.284164939295232,14.987371847639004,9.365789037920186,12.639925373134329,59.32871476349737,53.922150610583444,66.8733112618145,57.021088612728484,61.561443746982135,27.16277955860138,22.515031772307363,32.26454212219337,25.281336565096954,29.033798583872446,1.8929496128193195,1.0252095429855779,3.9081233178370423,1.3113058293781186,2.6048951048951046,33.0,25.475,50.0,28.0,38.5,0.058442462042782736,0.045957301982503335,0.08842044294289374,0.0496190074997949,0.06884184275214791,82.5,68.9,104.14999999999999,76.5,90.25
2007,20,81099.0,80049.2,82388.6,80824.25,81620.75,306.0,271.375,343.4,294.0,321.25,0.5540550219516247,0.48290124635589216,0.6144835406670762,0.5288296666089601,0.5713038650751515,274.0,241.65,309.1,265.75,290.0,274.0,241.65,309.1,265.75,290.0,31.0,20.9,40.0,28.0,33.25,0.0,0.0,0.0,0.0,0.0,11.39455782312925,8.261612021857923,15.350537877290565,9.1131181522061,13.344421971471151,58.50907921075208,53.85336957240832,66.44588318766729,56.80910394645988,61.307171089779786,27.426433153446695,22.23782424971469,32.7904073936368,25.28693528693529,29.66708709506107,1.967297706969394,1.0184810740860564,3.958000231722858,1.3225229668906837,2.5101845195303136,33.0,25.475,51.05,27.0,40.25,0.059380825364029194,0.04607003058859203,0.09116613075230642,0.04817077184850392,0.07263384534737093,83.0,68.85,107.14999999999999,77.5,89.25
2008,20,80869.0,79873.45,82122.175,80543.0,81337.25,303.0,261.75,339.92499999999995,286.0,316.25,0.5551455157949408,0.47145247176533894,0.6179222166313584,0.5164666651617738,0.5714683665960866,277.5,239.9,311.825,262.75,293.0,277.5,239.9,311.825,262.75,293.0,25.5,17.375,33.67499999999999,22.75,29.0,0.0,0.0,0.0,0.0,0.0,10.89602122692656,8.457250915185464,15.695542046605876,9.182026696302952,13.057140989891948,58.69237814185408,53.64591466105435,65.57365599516761,56.72935329488281,60.98954863424383,27.617162649324946,22.51956441491325,32.809191160318086,25.39071190211346,29.37813426231581,1.9707037148897615,1.0216256741677514,4.2416636462486395,1.229877293707081,2.5513136288998357,32.5,25.0,52.525,27.0,40.25,0.05917585971601448,0.04498083038538367,0.09484867251218392,0.04966728875647179,0.07388894614840853,81.5,69.325,102.1,75.75,89.5
2009,20,80734.0,79649.125,81954.875,80410.25,81144.25,304.0,257.65,333.025,277.75,318.25,0.5581354559021674,0.46814759196517036,0.6112487543785685,0.5079749914851295,0.5757116755757352,279.5,238.95,310.92499999999995,261.25,296.0,279.5,238.95,310.92499999999995,261.25,296.0,22.0,11.95,29.099999999999994,20.75,24.25,0.0,0.0,0.0,0.0,0.0,11.076223967848009,8.211753395024637,15.710447188279701,9.100590777042697,13.075733649164365,58.74264674155364,53.94274560832791,65.2110794150436,56.5179823077295,60.77432612640186,27.454366664618032,22.783022824252207,33.16512040384746,25.49019607843137,28.824413537186995,2.0559760605527195,1.0429639231458823,4.305604148444332,1.2519653512241329,2.5002967124263162,32.5,25.0,52.099999999999994,27.0,39.0,0.0597410024849644,0.044966077350653444,0.0949414915157406,0.04993599476720375,0.07144819469069619,81.0,68.425,101.19999999999999,75.5,86.75
2010,20,80519.5,79460.625,81824.825,80229.25,80968.25,303.0,257.45,328.4,275.75,313.0,0.5564060671546212,0.47207397253412153,0.6049594787894976,0.5082700131867517,0.5775768881443881,285.0,243.075,310.15,263.0,294.25,285.0,243.075,310.15,263.0,294.25,15.0,9.0,22.525,11.75,18.25,0.0,0.0,0.0,0.0,0.0,11.046756037180625,8.199006589456868,15.240956959706958,9.082990180551157,12.98893902707462,58.38925377388743,53.78930817610063,65.09776089564174,57.01097513082058,60.244779730073844,27.636296278591743,23.17706683560342,33.39696969696969,25.548488396849052,29.204355613081887,2.086962833914053,1.052080123266564,4.393687707641195,1.4987341009102417,2.587025316455696,31.0,23.95,49.19999999999999,26.75,38.5,0.057544001875777226,0.043489996439439196,0.09048267974643995,0.04965385524432529,0.07154342289604944,79.0,67.425,100.77499999999998,77.0,85.75
2011,20,80361.5,79222.275,81595.275,80045.75,80719.5,294.0,251.55,323.875,277.75,308.25,0.5549340450497011,0.46484457353968056,0.6023980712441521,0.5185159582606852,0.5728521992114617,283.5,240.175,308.15,264.5,295.0,283.5,240.175,308.15,264.5,295.0,12.5,7.95,19.525,11.0,16.0,0.0,0.0,0.0,0.0,0.0,11.289746828491406,7.714645154596389,15.318931549976044,9.369557645419714,13.259160967643158,58.19806248863725,53.68589743589744,64.17339780472692,56.99703991017658,60.2546079350203,27.382068103717586,23.36063208636024,33.555955736506945,25.639167535174572,29.538554948391013,2.0777576333131886,1.051989801574105,4.458762886597937,1.5382675576850333,2.6792384312097943,31.5,22.475,49.14999999999999,27.25,38.25,0.05903017455402126,0.0412100744541168,0.09091737746115656,0.05139692745179243,0.07163790778853639,79.0,66.475,98.67499999999998,75.0,83.25
2012,20,80176.5,79125.125,81439.2,79885.0,80541.5,295.0,242.65,320.45,276.0,306.0,0.5580844856820539,0.452754785449856,0.5996006762404178,0.5175497189587025,0.5724053772546732,285.5,236.175,307.34999999999997,266.5,295.0,285.5,236.175,307.34999999999997,266.5,295.0,9.0,6.475,16.049999999999997,8.0,11.25,0.0,0.0,0.0,0.0,0.0,11.103569632981397,7.8652203455639675,15.100838588952803,9.172727272727272,13.519912645545034,58.6024082300678,53.29278930025199,64.25406195341986,56.45460350205063,60.57331081446837,27.343027343027345,23.529137040894888,32.99003117820807,25.31070370037722,29.23843541577434,2.115660062067319,1.0519830953290372,4.127957153010457,1.5785432978573772,2.715492137449039,33.0,21.95,48.14999999999999,26.5,39.0,0.062284908024838534,0.04057143568970241,0.09000767635067518,0.050461454729998065,0.07338250035858734,78.5,63.85,98.24999999999999,73.75,83.0
2013,20,80165.5,78986.625,81333.075,79750.75,80469.75,288.5,237.75,324.54999999999995,271.0,303.5,0.5495550840617061,0.44647917541206517,0.6106939231172462,0.5107541901581119,0.5716153755375691,282.0,234.8,312.92499999999995,265.5,291.5,282.0,234.8,312.92499999999995,265.5,291.5,8.0,2.0,13.049999999999997,5.0,10.25,0.0,0.0,0.0,0.0,0.0,11.054922627812653,8.06326674628162,15.585663635843769,9.174637284231519,13.216224283361154,58.476953034178095,53.48900792322286,64.27459016393443,56.513007877280266,61.01957319155888,27.363132000418716,23.71828358208955,32.87237649914335,25.055534196249308,29.1959078778294,2.1162046908315566,0.7388158704542036,4.191810344827586,1.642154506712807,2.616522018643523,33.0,21.475,48.72499999999999,26.5,38.5,0.062349674241086867,0.04032917130796891,0.09170153298048522,0.049754883979719666,0.07310309727442964,77.0,62.9,97.725,72.0,82.0
2014,20,80049.5,78960.875,81270.5,79672.5,80436.75,287.5,235.025,322.875,266.5,298.75,0.5481498144867893,0.44231044018908716,0.613866465435395,0.5055630539566458,0.5640624684602579,278.5,229.175,314.34999999999997,262.5,289.5,278.5,229.175,314.34999999999997,262.5,289.5,8.0,2.475,10.0,4.75,9.0,0.0,0.0,0.0,0.0,0.0,11.387162358408364,7.839388838101184,15.425236925236923,9.103212749810272,13.487325278370054,58.345098830173455,53.92345220619981,63.95475533532293,56.3628910869799,60.44428080510555,27.244809629151266,23.86940836940837,32.91977611940298,25.173916687620483,29.37688167138035,1.9833087874324988,0.7485798443088576,3.8674275382021857,1.6794331460173044,2.5813847345907677,32.5,20.9,47.72499999999999,24.75,39.0,0.06194172186601063,0.03950768376582967,0.08988337989084062,0.0466235510769597,0.07423809180882371,76.5,63.425,99.57499999999999,72.75,82.5
2015,20,79880.0,78807.65,81116.525,79530.25,80244.0,288.5,230.125,317.29999999999995,264.75,297.5,0.5507530262550213,0.43770711477751745,0.6030365669463201,0.5073428679827641,0.5684488717338693,277.0,226.65,310.875,261.0,290.75,277.0,226.65,310.875,261.0,290.75,5.0,2.475,12.0,3.75,8.25,0.0,0.0,0.0,0.0,0.0,10.693869505223734,8.010569268847416,15.759704691593237,9.432374055015565,13.464830524593907,57.87016309561881,54.92307692307693,63.968611255797796,56.74659842573658,61.53194526552564,26.737865455577634,23.34052892084252,32.79803748343535,25.143522030631704,29.580623587472903,1.9920274853543585,0.9147919362243833,3.847027972027971,1.6806864632951588,2.635935866155455,30.5,20.9,47.249999999999986,25.0,37.5,0.059290204606979285,0.03976412213674915,0.09001350889646957,0.04839942774457149,0.0724826637515199,76.0,59.95,97.57499999999999,70.5,82.25
2016,20,79684.5,78628.675,80916.325,79311.25,80013.75,286.0,228.925,313.45,259.75,293.25,0.5472483311468287,0.43836966126762206,0.6018388171754623,0.5012180353314186,0.5659321259010132,279.5,223.6,306.4,254.75,286.25,279.5,223.6,306.4,254.75,286.25,6.0,2.475,8.524999999999999,4.0,7.25,0.0,0.0,0.0,0.0,0.0,11.006199526878213,8.163793103448276,15.948996655518393,9.028978989367836,13.790888605014999,57.55235755235755,54.786484856606805,64.54683611802346,56.7009636225942,61.36000383594923,26.76120176120176,23.374720705064547,32.42074269448724,25.09049046905119,29.902667627974044,2.1847070506454815,0.9813039764638892,3.9609212077250877,1.6273929517818668,2.536485906424381,31.0,20.9,48.249999999999986,25.75,37.25,0.06065087378783736,0.03966273009508132,0.09209706682236145,0.049571637054039094,0.07253032372749586,74.5,60.475,95.14999999999999,69.75,80.5
2017,20,79516.0,78458.725,80747.5,79153.75,79780.75,283.0,229.3,306.15,260.5,290.25,0.5453994727858642,0.44249587260486817,0.5888748054156981,0.5086547389722151,0.5667229204627269,279.5,224.925,302.25,254.25,283.5,279.5,224.925,302.25,254.25,283.5,6.0,1.475,9.0,4.5,7.0,0.0,0.0,0.0,0.0,0.0,11.212713481316023,7.756820877817319,15.719480231828415,9.015731292517007,13.793695421212199,58.00643747431859,54.986505889547715,63.723958333333336,56.60212220738442,61.14475201845444,26.781597417900507,23.636466080685146,31.85126253891387,25.368056660830813,30.545982393706687,2.05847044700233,1.0067338676361233,4.015774302033844,1.642933652573877,2.5855405168893295,31.0,19.95,47.14999999999999,24.5,38.0,0.06108817335254333,0.03879430846754368,0.09066210104518545,0.047663484818611684,0.07321760306247874,75.5,60.95,93.05,69.5,78.5
2018,20,79283.0,78279.1,80574.0,78980.0,79635.0,278.5,223.45,304.675,254.25,286.25,0.5393656589374803,0.4321932561141939,0.5901890430268758,0.5007185568837784,0.5660420206163994,273.5,221.45,300.2,250.25,280.25,273.5,221.45,300.2,250.25,280.25,5.0,2.0,10.524999999999999,4.0,6.25,1.0,0.0,3.5249999999999986,0.0,2.0,10.809345014601586,7.6510918924434925,16.04437229437229,8.940576230492196,13.655574169966496,58.23393873678504,54.61684149184149,63.769121544869364,56.281852930469604,60.60705317174364,27.128427128427127,24.29343365253078,31.50156445556946,25.65604922631436,30.20475863646763,2.065704330512693,1.0455480064366172,4.227448907681465,1.4702801780570829,2.8269617706237424,29.0,18.95,47.19999999999999,23.75,38.0,0.05759383712962661,0.036456479633424,0.09147744076461987,0.04671421845269815,0.07468792449609814,74.0,60.9,89.525,67.5,80.25
2019,20,79082.0,78088.9,80393.45,78760.5,79412.5,273.5,218.825,303.25,247.75,285.25,0.5348307907985277,0.42841303545253373,0.591613608931397,0.4937706440309207,0.5646246736812823,269.5,216.925,300.25,243.0,277.25,269.5,216.925,300.25,243.0,277.25,5.0,0.47500000000000003,8.049999999999997,3.0,5.25,2.0,0.0,4.0,1.0,2.0,11.18592602758526,7.5094749283759645,15.822030791788857,8.93604620357124,13.396589772057515,58.43356121393069,54.1264649570666,63.90376211286338,56.54578472375083,60.30615059299439,27.378742167556275,24.16222182974214,31.380225436439446,26.311517429938483,29.94124601440189,2.0763483092250214,1.2789608641885504,4.362666493311374,1.6543953164346616,2.888649166966319,29.5,18.425,45.19999999999999,22.75,37.25,0.05849475800377509,0.03570315053873581,0.0882216485963986,0.04511424248382827,0.07367082883707476,73.5,62.95,87.0,67.75,81.0
2020,20,78614.5,77607.175,79891.85,78256.5,78972.0,272.0,217.4,303.15,245.0,280.25,0.5407767783072996,0.4286568800280279,0.5996759861073678,0.48865355205423705,0.5622056284850292,267.0,214.5,298.675,242.0,274.5,267.0,214.5,298.675,242.0,274.5,4.5,1.475,10.049999999999997,3.0,5.25,2.5,0.0,5.524999999999999,1.0,3.25,11.411395893619954,7.078831758335102,16.302008608321376,9.058255566848379,13.01530612244898,58.54448793906052,54.87573743065951,63.8390420005283,56.24654098927707,60.29798576532478,27.385078219013238,24.108574563254283,31.735054347826082,25.706236492744676,29.653590805254137,2.117198974384506,1.2869380987472367,4.40267442717159,1.8041532083725422,2.6583023986293544,29.5,16.95,45.249999999999986,23.25,37.25,0.058903406277767356,0.03315601325511102,0.08962314177614614,0.0464920518817072,0.0731483740833561,73.5,61.0,83.57499999999999,65.5,79.25
2021,20,78111.5,77094.15,79401.925,77801.25,78486.75,265.0,216.825,298.72499999999997,242.0,277.25,0.5302981431669245,0.43134801331362044,0.5962972091160808,0.48919168433918725,0.5624361964718568,262.5,213.825,295.25,237.75,272.75,262.5,213.825,295.25,237.75,272.75,4.0,0.47500000000000003,7.049999999999997,3.0,5.0,3.0,0.47500000000000003,6.524999999999999,2.0,4.25,11.203512396694215,6.748630778398933,16.53693983856217,8.906639687544116,13.24279711884754,58.28597227386201,54.48875963624613,64.68260275592102,56.58205430932704,60.30323286339329,27.3922068827531,24.13939806635257,31.1745251017639,25.88008800880088,29.274024697688333,2.0618644356018097,1.0482954545454546,3.8896906903257165,1.7762156860279419,2.7391109115401884,28.5,16.0,45.67499999999999,23.75,36.25,0.05807334832625655,0.031557002914185256,0.09127228467861769,0.04745959256024653,0.07213687802140378,73.0,60.425,80.525,64.75,78.0
2022,20,77855.5,76817.875,79127.075,77505.0,78216.75,263.5,216.2,293.1,240.75,275.0,0.5377645434445355,0.4335031990281419,0.5906343090659631,0.4864804355404245,0.5590187505389709,261.0,213.2,288.675,237.25,271.25,261.0,213.2,288.675,237.25,271.25,3.0,1.475,5.524999999999999,3.0,4.0,4.0,1.0,8.0,2.75,6.0,11.045996770328697,6.507730810361217,16.571578652472336,9.17354433255092,13.227058673794069,59.198383497195245,53.85761019283746,64.61879309386121,56.38757547101186,59.86050758863908,27.784713273195877,24.453742942293424,31.12248894401018,25.929949513162637,29.40713101160862,2.0314148206751055,1.2597361309807662,4.066951566951566,1.7793594306049825,2.719338214498947,28.5,15.0,44.72499999999999,23.75,36.25,0.05816184456586019,0.029814243853398734,0.09029266025351777,0.04791167029048868,0.07231437026280965,72.0,60.475,80.525,67.0,76.25
2023,20,77741.0,76676.15,78980.075,77374.5,78067.25,258.5,212.3,290.1,240.0,274.0,0.5288122479236175,0.42828553607841746,0.5879836612410195,0.48847748164339444,0.5587561201771403,255.5,208.775,286.625,235.0,268.0,255.5,208.775,286.625,235.0,268.0,4.0,1.475,7.524999999999999,2.75,5.0,4.5,2.0,9.049999999999997,3.0,7.0,11.423074778341604,6.000112688753662,16.485905128495414,9.277319523691393,13.343922890733058,58.45835676577835,53.80794808884298,64.91952320496544,55.119259549815936,60.57883505504631,27.98191391941392,24.124678596473,31.44356141943196,26.127102479625457,29.736889367816094,2.0314148206751055,1.2812802749191146,4.1422799737934035,1.5427709545356603,2.6101532567049808,28.0,15.0,44.67499999999999,25.0,35.5,0.05708228240175647,0.029991917588021576,0.09077356029820469,0.05046437147410595,0.07131814368907725,72.5,60.475,81.525,66.0,76.0
2024,20,77329.5,76291.925,78569.625,76943.75,77693.0,261.0,207.725,286.625,233.0,274.0,0.534768898459574,0.42343401008687004,0.5874158370047426,0.48244046091555826,0.5566483907898031,256.5,203.2,285.1,230.5,268.5,256.5,203.2,285.1,230.5,268.5,4.0,0.47500000000000003,8.524999999999999,2.0,5.25,5.0,2.0,9.524999999999999,4.0,7.25,11.606184855916617,6.601818181818182,16.85643271393064,9.278114869919376,13.554205857985284,58.466062239647144,53.8937762605042,63.88913978494624,54.55970803360938,60.83916083916084,28.163090128755368,23.540706605222734,32.277442226890756,26.056338028169012,29.677292918735304,2.056338028169014,1.2733526887149709,3.810146570572515,1.7766119730624697,2.6452576425043386,28.0,14.95,44.19999999999999,23.25,35.5,0.05740483488770631,0.03078178454377329,0.09045150775279101,0.04736703469029991,0.07189911510018009,73.5,59.475,81.525,64.75,76.25
2025,20,76874.0,75824.775,78168.775,76508.5,77321.0,253.0,202.775,282.625,234.0,272.0,0.5290244087015183,0.41749899042844185,0.5820889435435742,0.48232491168103686,0.5614243428780862,251.5,199.2,277.625,230.25,266.25,251.5,199.2,277.625,230.25,266.25,4.0,1.475,7.524999999999999,3.0,5.0,6.5,3.475,12.049999999999997,5.0,8.0,11.435699340093352,6.331398101826117,17.238347457627118,9.441938178780283,13.3329469047067,58.3418652271035,54.037832929782084,63.463591081593925,55.061027361273894,60.56520758122743,28.091312618896637,23.84211085156084,32.752293577981646,26.555555555555557,29.98961411310377,1.9474122906721225,1.2575158227848102,3.861508810572686,1.7190152801358234,2.794681255668354,28.5,13.95,44.72499999999999,23.25,36.5,0.05937186708444633,0.028984969498457854,0.09229489814037523,0.04780404231014091,0.07465770282383238,70.0,60.425,81.05,64.0,75.0
2026,20,76389.5,75331.975,77647.95,76019.25,76822.25,254.5,198.575,277.1,228.25,265.5,0.531603977751395,0.41355144100597474,0.5769167292190917,0.4783602634995182,0.5577408296780378,252.0,192.625,274.625,226.5,260.25,252.0,192.625,274.625,226.5,260.25,4.0,0.47500000000000003,7.0,1.75,5.0,7.0,3.475,13.0,5.75,8.25,10.781432626481884,6.271524388933078,17.3099497581819,9.295019157088124,13.116132207004018,58.24690290982426,52.537798750997794,63.45890985324947,54.96857418014091,61.161117034363976,27.973799126637555,23.72462470734059,34.3973338739926,27.33759524732016,28.981694375663245,2.0915289798059273,0.9824258138864881,3.9424079674627164,1.7062215071064628,2.7334092912268635,26.5,13.475,44.72499999999999,22.75,35.0,0.05538396380732608,0.028307160655017056,0.09348291882562185,0.04765004835535809,0.07299550811056911,70.0,59.375,78.0,63.75,74.0
2027,20,75869.5,74827.3,77170.675,75538.75,76305.25,252.0,198.35,271.575,228.5,266.25,0.5308373334256924,0.41783780603376824,0.5706223318816706,0.48381553940281385,0.5632813621069616,249.0,192.875,266.525,226.5,260.75,249.0,192.875,266.525,226.5,260.75,4.0,0.0,8.049999999999997,2.0,5.0,8.0,3.475,13.524999999999999,6.0,9.0,10.879073756432247,6.701738911290323,17.2848751835536,9.719062878775299,13.104821005181044,58.09280446018933,51.91385217816936,63.87881846910113,54.975654290931224,61.19866975130133,28.449952237991265,23.51555747623163,33.918898356664634,27.367093384017664,28.911440368375445,2.111111111111111,0.9883004926108373,3.7255871127462763,1.5948030356675544,2.7263953064202333,27.0,14.475,44.67499999999999,23.0,34.25,0.056662216390554,0.03076577281245324,0.09438168060565506,0.04891303892407418,0.0724507666142172,70.0,59.85,77.57499999999999,64.75,73.0
2028,20,75252.5,74316.4,76649.125,74986.25,75751.5,249.5,200.35,271.15,223.75,261.0,0.5287133245000897,0.42624238809230125,0.5734471389361251,0.47749344424344503,0.5625295377623477,246.5,195.725,267.625,221.75,257.25,246.5,195.725,267.625,221.75,257.25,2.0,1.0,6.049999999999997,2.0,3.25,9.0,4.0,14.0,6.75,10.0,10.516381766381766,6.734999999999999,17.22775682837342,9.066133720930232,13.363386810441186,58.82477876106195,52.165842845495305,63.446085346499736,54.544240792959066,61.2586997114242,28.637566137566136,24.48853463710233,33.839669139176266,27.44216310005784,29.08932109709042,1.8762320473106167,0.7803778080326753,3.8123186848608555,1.5875968992248062,2.689125295508274,26.0,15.0,44.14999999999999,21.0,34.0,0.0551711856915852,0.03216467995954458,0.09426410045328204,0.04560877270961667,0.07163513887092751,70.0,59.375,74.525,65.0,72.0
2029,20,74738.5,73772.925,76098.825,74403.75,75239.5,248.0,199.45,268.575,222.75,256.5,0.5348342984548495,0.4294244001790659,0.5768348747740961,0.4817020740886622,0.556409138139047,245.5,195.825,266.575,218.0,252.25,245.5,195.825,266.575,218.0,252.25,3.0,0.47500000000000003,5.524999999999999,2.0,4.0,9.0,5.475,14.524999999999999,6.75,11.25,10.740556483422765,6.945244495647722,17.6351724137931,9.088346583091269,12.769242952169781,59.26800570083856,51.64529015979815,62.53158055971023,54.38652938652939,60.94310035842294,28.34848122458742,25.69803548795944,34.586447433981064,27.441573033707865,29.005883962780516,2.0662655743300906,0.8068976591493007,3.7869549150036934,1.8373193821624314,2.4635256946380446,25.0,15.0,45.14999999999999,21.75,33.0,0.05389346243587895,0.03256176820369418,0.09754871362748475,0.04715555057671015,0.0703228939521153,69.5,57.375,75.525,66.25,71.25
2030,20,74213.0,73227.775,75568.0,73835.75,74689.0,243.5,198.55,268.1,223.0,253.0,0.5332876614107294,0.43425559609535813,0.5828071403275641,0.4829008089792365,0.5550639518663567,240.5,195.6,264.1,219.25,250.75,240.5,195.6,264.1,219.25,250.75,3.0,0.0,4.0,2.0,3.0,9.5,6.0,15.524999999999999,8.5,12.25,10.511816363204828,7.082895898948491,17.374868408460138,9.152202937249665,12.83766928011404,58.73255616065351,51.353888677087305,62.418308702791464,54.13526099198614,60.526740433379445,28.724793268533293,25.61015325670498,34.49446630595179,27.623456790123456,29.81423709585933,2.089975977287617,0.8163172783983752,3.97394613583138,1.9040713288215705,2.3866758241758244,24.5,15.475,43.62499999999999,20.75,32.25,0.05365944507629419,0.03399909431181933,0.09533696415249392,0.045698434405075095,0.06957946360170292,68.5,56.95,76.1,66.0,72.0
2031,20,73606.5,72568.475,75006.95,73229.25,74056.75,238.0,193.925,260.525,216.75,244.25,0.5259084493858843,0.4294098268549238,0.5762548563200373,0.4749125727811563,0.5450727593957957,235.0,192.4,259.525,213.5,243.0,235.0,192.4,259.525,213.5,243.0,2.0,0.0,4.0,1.0,2.0,11.0,6.475,16.0,8.75,14.0,10.483840267996499,7.182102502017756,17.706019871420217,8.967391304347826,13.094152360515022,58.612523839796566,51.22724581915051,63.58527885862516,54.14959016393443,60.83333333333333,28.631198347107436,24.698443579766536,35.14988840144694,27.404661016949156,29.65876436781609,2.1009887005649714,0.8321119951273365,4.050480769230767,1.8321795177846742,2.39251040221914,24.0,15.0,44.19999999999999,20.0,30.5,0.05320919816784028,0.03332486825816945,0.09780110936483408,0.04431268983260066,0.06796510138687911,66.0,57.375,76.1,63.75,71.0
2032,20,72992.5,71922.1,74347.9,72608.5,73406.75,233.0,192.45,259.525,210.0,242.5,0.5282023062676814,0.4317530112236518,0.5812458884676519,0.47289957097773,0.5458241105709274,231.5,191.45,256.1,207.0,241.75,231.5,191.45,256.1,207.0,241.75,2.0,0.47500000000000003,5.524999999999999,1.0,3.0,11.0,6.475,17.525,9.0,14.25,10.96096096096096,7.692220853858784,17.81089743589743,9.04427522684784,13.229765590446704,58.41001104158998,50.96016483516484,62.59325396825397,54.04595404595405,60.58023161166198,28.361344537815125,25.585317460317462,34.87179487179486,27.688229244245843,29.926470588235293,2.105720466716317,0.8474304818722347,4.077049738814443,1.6996415601565817,2.5326797385620914,24.0,16.475,44.249999999999986,21.5,30.5,0.05366572829381619,0.03682934143708265,0.09914638557359069,0.04837062988305957,0.06877058629675328,65.5,57.475,76.1,64.0,69.0
2033,20,72366.0,71291.85,73751.65,71929.5,72733.25,227.5,188.6,258.29999999999995,210.75,236.25,0.524386291492897,0.4295767456600758,0.5827121970412877,0.48147550273996476,0.5398206337884445,226.0,186.6,254.77499999999998,208.25,234.5,226.0,186.6,254.77499999999998,208.25,234.5,2.0,0.0,4.524999999999999,1.0,3.0,13.0,6.475,17.525,9.75,15.0,10.706166524580848,7.705396790300887,17.496098322278577,9.203914804259787,12.790048501343383,58.44402277039849,51.46094093104963,62.72445634793732,53.63695240304682,60.61946902654868,28.569720162640515,25.40960451977401,35.66538553927456,27.35489062716323,29.783057629014564,2.1646644301591165,0.8598865124399826,4.393863353177349,1.741798269202562,2.738409140848165,22.0,16.475,43.72499999999999,20.75,29.5,0.050726990304265814,0.03766015198701176,0.0993786905794557,0.04647574568889541,0.0668661085310962,64.5,57.475,75.1,62.5,67.25
2034,20,71768.5,70659.95,73079.1,71272.5,72063.0,220.5,188.4,253.34999999999997,206.0,228.75,0.5147941348241079,0.4305218761275968,0.5796609539022916,0.4773685640537971,0.532711700613372,219.0,186.45,250.39999999999998,204.75,227.75,219.0,186.45,250.39999999999998,204.75,227.75,2.0,1.0,3.5249999999999986,1.0,3.0,13.5,7.475,19.0,11.25,15.0,10.498142200390452,7.881049298959748,17.615384615384613,9.1324200913242,13.265759922914427,58.218401662573214,50.53733031674208,62.191269679002254,53.77682349066403,60.77071748270718,28.379946503028872,24.883130081300816,35.50478997789241,27.320633673736577,30.59871163319439,2.1929824561403506,0.6724494411061576,4.593905507937408,1.4563271395632713,3.0980861244019136,22.0,16.475,43.19999999999999,19.75,29.75,0.05078779613468411,0.03798639370720059,0.09966388515122906,0.045183906880971306,0.06855082226753634,63.0,55.95,75.14999999999999,61.0,64.25
2035,20,71118.5,69997.975,72394.725,70693.5,71418.25,219.0,184.45,244.725,208.0,224.5,0.5142014103007762,0.4278940298619665,0.5700630777995278,0.4891040689666709,0.5309392394947774,217.5,181.5,241.67499999999998,207.5,223.25,217.5,181.5,241.67499999999998,207.5,223.25,3.0,0.0,5.524999999999999,1.75,4.0,14.5,8.0,19.0,11.75,16.25,10.572892408011178,7.828282828282828,17.86212724199967,9.324160609207338,13.835227272727273,57.75811209439528,50.885938118671874,61.15635521885522,53.926332288401255,60.27557290999872,28.493265993265993,25.37771958098308,34.76880877742947,27.613636363636363,30.0694578429481,2.2277129475271886,0.5408456486042693,4.277956556717618,1.4868309260832624,3.185450394354504,22.5,16.475,42.249999999999986,19.75,31.0,0.052776734182007276,0.038892282664582306,0.09904477072425028,0.04592639208587803,0.07241473148530805,62.0,56.0,72.525,60.0,64.25
2036,20,70515.0,69378.0,71751.6,70033.0,70806.75,213.5,180.6,236.0,204.5,218.25,0.5125163257410965,0.4282591296105994,0.557504301133665,0.48076631074277715,0.5226308828332444,211.5,177.6,233.0,203.25,216.25,211.5,177.6,233.0,203.25,216.25,2.0,0.0,4.524999999999999,1.0,3.0,15.0,10.0,20.049999999999997,12.75,16.5,10.74738219895288,7.640809011776754,17.48234463276836,9.411088400613185,13.584525939177102,57.273255331507755,51.76690991839297,61.77777777777777,53.93767642907551,60.0,28.674455335160495,25.719550650374458,35.4400289017341,27.801786576533075,29.542362119013063,1.9142700128228611,0.49062658334740755,4.119485987181099,1.2179400950587391,3.038529759558534,21.5,15.475,39.67499999999999,19.0,28.5,0.05132638262851753,0.037143091665012534,0.09458831597168026,0.045692554841675975,0.06847423112152148,60.0,53.475,70.0,59.75,63.0
2037,20,69880.5,68767.65,71109.525,69385.5,70231.0,211.5,174.125,234.625,198.5,216.0,0.5158268160873822,0.42138072023410583,0.5655470270026893,0.4784814231498644,0.5265184398286382,209.0,172.6,231.67499999999998,197.0,213.25,209.0,172.6,231.67499999999998,197.0,213.25,2.0,0.0,3.5249999999999986,0.0,3.0,16.0,10.475,21.049999999999997,12.75,17.25,10.697905849775008,7.59750812567714,17.148316216861716,9.282027929568914,13.916256157635466,58.0849178214631,51.298259493670884,61.106147540983606,53.739279588336196,60.11671883150756,28.60591969954395,25.352168348140342,36.11601796407185,27.63507718696398,30.509700291443735,2.100803633822502,0.4951699727158764,4.151125743415463,1.3997252747252746,2.8868336491719537,22.5,14.475,38.62499999999999,18.5,29.5,0.0542158522902422,0.035032720926580274,0.0937766151301186,0.04447924195075492,0.072007918188763,60.0,52.9,71.57499999999999,57.0,61.0
2038,20,69250.0,68146.05,70454.35,68724.0,69544.0,203.0,172.275,227.575,193.25,212.25,0.509188075599361,0.42546365080643345,0.5585350136475835,0.4781515380626969,0.5254819860966518,203.0,170.7,227.05,193.0,212.0,203.0,170.7,227.05,193.0,212.0,1.0,0.0,3.0,0.0,2.0,17.0,10.475,23.574999999999996,14.75,19.0,10.87364750067066,7.596249173826834,17.252255499711623,9.584342211460855,13.230858979439088,58.58742607893302,51.568113267005806,62.473455598455594,54.21330845771144,59.86340780674926,28.784296340081767,23.92338092809791,35.46713917525773,26.93198839168695,30.85491659350307,1.8167586718299416,0.23284313725490197,4.200345667202922,1.3784598520142506,2.9009643446263165,22.0,14.475,38.05,17.0,29.0,0.05377170437471612,0.03595069576668985,0.09406211361069633,0.04247357576600194,0.07129461465896875,58.5,48.95,68.57499999999999,56.0,60.25
2039,20,68615.5,67530.625,69793.875,68117.75,68865.25,198.0,168.9,223.05,187.75,206.25,0.5015981600655205,0.42359394310156945,0.5569985884748809,0.4698672646525687,0.5204620350924187,197.0,167.375,222.575,187.0,206.0,197.0,167.375,222.575,187.0,206.0,1.0,0.0,2.5249999999999986,0.0,2.0,18.0,11.475,25.049999999999997,14.75,19.25,10.887533875338754,8.069510898458265,16.666117336849045,9.740570405580591,12.827380952380953,58.28147546897547,51.452354416271945,62.915404040404034,54.348053892215574,59.69983482371704,29.337186295949184,23.329545454545453,35.42664670658682,27.778745644599304,30.434278350515463,1.876510656998462,0.23989898989898994,4.321387482742751,1.1612838915470494,2.6555023923444976,22.0,14.425,35.525,17.75,28.25,0.05545993725744472,0.03617472770517439,0.08943833091358408,0.0454175905144575,0.07042210803339587,57.0,49.9,67.1,54.0,59.25
2040,20,67965.0,66885.15,69148.475,67512.25,68216.75,194.0,164.475,219.05,185.0,202.5,0.4995365525900966,0.4200283645657784,0.5564078145481179,0.46977950463336604,0.5202161701610725,193.5,162.95,217.525,184.25,200.25,193.5,162.95,217.525,184.25,200.25,1.0,0.0,3.0,0.75,2.0,19.0,11.475,25.574999999999996,15.75,20.0,10.512876067846973,7.79862874555612,16.202879462258153,9.94820828667413,12.709723064483526,57.91128287955699,51.58387602795075,62.915404040404034,54.37589670014347,59.18808494465296,29.76270053475936,23.02814951545916,34.989945511157245,27.47410685769038,30.87168776587566,1.9075302025615406,0.23989898989898994,4.41498659132267,1.4628241174632928,2.580658084504033,20.5,13.425,34.05,17.75,26.5,0.052667946464995424,0.03469542826405782,0.08731267047571806,0.04489625121663522,0.06728046717160953,56.0,48.0,66.05,53.75,58.25
2041,20,67336.5,66252.775,68488.2,66860.0,67598.0,187.5,159.75,213.1,179.5,198.25,0.49069451930946045,0.41500754524013034,0.5509267992602699,0.46924372936872494,0.5183223431504378,186.5,158.275,213.1,178.75,197.75,186.5,158.275,213.1,178.75,197.75,1.0,0.0,3.5249999999999986,0.0,1.25,19.0,12.475,26.574999999999996,15.75,22.0,10.86898593634345,8.053889409559511,15.826025800238234,10.327169274537695,13.214004720692367,57.056277056277054,51.7598905137238,63.216336053158734,54.21590546151389,60.106951871657756,29.468825260904467,23.2616703091619,34.75024437927664,26.93262411347518,31.239495798319325,1.8957345971563981,0.24484536082474226,4.598663725998962,1.1793611793611793,2.5284786543170448,20.0,13.95,32.099999999999994,17.75,26.75,0.05221106333050625,0.03669232920840967,0.08369452321947073,0.04681226024880897,0.06905294171809209,55.0,47.0,63.05,51.75,56.0
2042,20,66648.0,65601.75,67808.15,66238.5,66965.5,182.0,153.275,213.1,176.25,196.75,0.4829111836026212,0.4050382270687786,0.557167084288414,0.46713646607689463,0.525508726519948,181.5,152.275,211.0,176.0,196.75,181.5,152.275,211.0,176.0,196.75,1.0,0.0,3.049999999999997,0.0,1.25,19.5,12.475,27.574999999999996,16.75,22.25,10.833608391095463,8.43951821234823,15.678362573099415,9.817251461988304,13.326393893292764,57.13598341846176,51.6388715530592,63.539979095897564,54.60905596925295,60.04739336492891,29.74954462659381,23.163837760387963,33.550993968227004,26.295083493699174,31.445461479786424,1.8284361509539062,0.24234693877551022,4.737638468586023,1.2302659650120895,2.5022019377051805,19.5,14.425,31.099999999999994,17.0,26.5,0.05209038978388188,0.03811367503296826,0.08241049790646297,0.04537613371411478,0.06953046865410592,53.0,46.475,65.525,50.0,54.25
2043,20,65945.0,64976.5,67155.3,65619.25,66368.75,179.5,151.225,213.05,170.5,194.0,0.484258318398465,0.4056129261749308,0.5676827976390911,0.45868774985545113,0.5251438105651733,179.5,150.7,211.525,170.5,191.5,179.5,150.7,211.525,170.5,191.5,1.0,0.0,3.0,0.0,2.0,20.0,12.475,28.574999999999996,16.75,23.0,11.132338513967056,8.710100607990734,15.601179391682185,10.218523550724637,12.791076371926398,56.53411190775371,51.79848008385745,63.272753823279515,53.90052515876893,59.20697826442229,29.83016918507039,23.65070093457944,34.43111421341941,26.57472721260884,31.888503600960252,1.8548248380253425,0.24739583333333331,4.784090909090908,1.1142319207382942,2.513841393909787,19.5,14.475,30.099999999999994,17.75,26.0,0.05314606019964028,0.03884161624378056,0.08090688077754417,0.046868920378453284,0.06914837248576514,52.0,44.95,66.525,49.75,54.25
2044,20,65335.5,64333.675,66484.075,65028.75,65764.25,177.0,151.7,207.575,167.75,185.75,0.48142787625557193,0.41199178158159394,0.5571329677206074,0.4592240998162243,0.5064194461011358,175.5,151.225,207.05,167.5,184.75,175.5,151.225,207.05,167.5,184.75,1.0,0.0,2.5249999999999986,0.0,1.25,21.0,13.0,30.624999999999993,17.75,24.0,10.768377253814148,8.052848575712144,16.115819209039547,10.09493670886076,12.555432372505543,56.01086956521739,51.96867730142905,63.121253368531036,54.63596083365243,59.61997226074896,29.943502824858758,24.169916267942583,34.63030715561984,27.437469145960176,31.64347588841143,1.9373299559058073,0.2638888888888889,4.551293103448276,1.0056854752199098,2.5394955654101996,19.0,13.475,30.049999999999997,17.0,23.25,0.051431343241962635,0.03656567995228928,0.08175584230732301,0.04676227258799879,0.06296949966633872,52.0,46.0,64.05,49.75,54.25
2045,20,64722.5,63670.425,65860.125,64392.5,65100.5,171.5,152.375,203.575,166.0,184.25,0.4711405203579964,0.4211311975047918,0.5561308521543422,0.45757570575682177,0.5105129750135493,171.5,151.325,203.1,164.5,183.5,171.5,151.325,203.1,164.5,183.5,1.0,0.0,3.5249999999999986,0.0,1.25,21.5,13.95,31.624999999999993,18.0,25.0,11.093938591068326,7.851671054556091,16.198224852071007,9.389620280709389,12.508771929824562,56.19959677419355,51.35636856368564,62.982254425546685,53.94108994367309,60.5021385799829,29.455047876100508,24.688476223533495,33.93619631901841,27.22707480172101,32.15592334494774,1.603411513859275,0.27298850574712646,4.431389260927797,1.1622992392223161,2.6059941520467835,19.0,13.0,30.574999999999996,16.75,23.25,0.05183406051137446,0.035678545540358805,0.08395314261705938,0.046634072251763956,0.06370774493747848,51.0,44.0,64.57499999999999,48.75,54.0
2046,20,64110.0,63025.75,65215.85,63794.25,64448.0,170.0,147.475,200.14999999999998,163.0,182.75,0.47233463538844433,0.41198803762423797,0.5537958571744195,0.4587886307010301,0.5127811741785329,169.5,146.475,200.14999999999998,162.25,181.25,169.5,146.475,200.14999999999998,162.25,181.25,1.0,0.0,2.5249999999999986,0.0,1.0,21.5,14.475,33.099999999999994,19.75,25.0,10.889276373147341,7.500183029504356,16.524070086428125,9.665139469074248,12.39527064270753,56.188260421831494,50.82375478927203,62.96477549990184,53.92045454545455,60.93355761143818,29.20292377305952,25.573345694398007,34.548182330256935,27.51720901126408,31.442426108374384,1.5003375759545898,0.2810650887573965,4.435069699192956,1.1585960350991225,2.670777988614801,18.0,12.425,30.624999999999993,16.75,23.25,0.04969534596893453,0.034511941439750685,0.08528258090141812,0.046607544371735254,0.06446679900196742,50.0,44.95,62.62499999999999,47.75,54.0
2047,20,63511.5,62431.5,64607.075,63153.75,63896.0,169.0,148.425,194.625,160.0,180.75,0.47481675191653683,0.41640417206096453,0.5437095727016015,0.4499096334246694,0.5056439530975751,169.0,148.425,193.625,158.75,180.0,169.0,148.425,193.625,158.75,180.0,1.0,0.0,2.0,0.0,1.0,23.0,14.95,34.099999999999994,20.0,25.75,11.343424787133397,7.808333333333333,16.278967115427058,10.187174752392144,13.008418254319894,56.57706791325802,50.75811732195957,61.96022727272727,54.11411665257819,60.15139751552795,29.570747217806044,25.516304347826086,35.2115559599636,27.861866616989566,32.11258278145695,1.6688239644970415,0.0,4.409836065573771,1.176948051948052,2.3612665920358227,18.0,12.9,29.099999999999994,17.0,23.25,0.05117059753222334,0.035998629418391014,0.08182081613952223,0.04820801512263605,0.06535282935799794,49.5,43.425,58.62499999999999,48.0,52.75
2048,20,62938.0,61859.6,64046.575,62539.5,63296.0,168.0,145.425,197.05,158.0,178.25,0.47698444482665797,0.4138654119445887,0.5553962729618379,0.4474139707947844,0.5067811739133201,167.0,145.425,193.575,158.0,176.75,167.0,145.425,193.575,158.0,176.75,0.0,0.0,4.0,0.0,2.0,23.5,14.95,35.099999999999994,21.0,27.25,11.215932914046121,7.479371097234611,16.31600818309679,10.14298201798202,13.066097406704618,55.952676429221476,50.65972222222222,61.06638418079096,54.108159392789375,60.26479416809605,30.184194890077244,25.737994350282484,35.885416666666664,27.64660887302397,31.33975812547241,1.6611902154070828,0.0,4.148801343716598,1.210016835016835,2.751423149905123,18.0,11.9,29.14999999999999,16.75,24.25,0.0509485950268274,0.0335642844086771,0.08263773521690461,0.04702509735354201,0.06814822629654613,51.0,42.95,57.62499999999999,47.0,53.25
2049,20,62320.5,61245.2,63418.55,61923.75,62666.75,165.5,145.475,196.1,155.75,177.5,0.47264451809825836,0.41688485277024084,0.5555811941678745,0.44942215201527147,0.5043891147742935,165.0,144.475,194.1,155.5,176.5,165.0,144.475,194.1,155.5,176.5,1.0,0.0,2.0,0.0,1.0,24.0,15.425,36.14999999999999,21.0,27.25,11.213235294117649,7.319223985890652,16.095360824742265,10.429344151453686,13.179541514159123,55.568231203824425,50.766479355970034,60.66103684971098,54.41899983816151,59.29554162312783,29.80739360049705,26.006701631701635,35.4650147730325,27.937325418994412,31.972115793954877,1.687830022630123,0.0,3.9818193560887396,1.0971588026382546,2.683986864979718,19.0,11.375,28.099999999999994,16.0,24.25,0.05389371019469536,0.032235313051246106,0.08010082766512398,0.046339826840002235,0.06904191981408159,51.0,42.9,56.05,47.75,53.25
2050,20,61726.5,60640.75,62835.575,61348.75,62013.5,163.5,144.9,194.725,155.5,177.5,0.4743292606474268,0.4182530398858423,0.5529927827004081,0.446939609957498,0.5030047169202868,163.0,144.9,193.77499999999998,155.5,177.25,163.0,144.9,193.77499999999998,155.5,177.25,0.0,0.0,3.0,0.0,1.0,25.0,15.9,37.14999999999999,22.5,28.25,11.262723762723763,7.122513562386979,16.303797468354425,10.356310356310356,12.92237174590116,55.82012923785076,50.58561808561809,61.17389092702777,54.17128603104213,58.36155123945822,30.356920780997385,25.464506074677182,35.892857142857146,28.760504201680668,31.92092717409173,1.7153996101364521,0.0,3.695701357466063,1.118286007526514,2.6705953006531042,19.0,10.9,28.0,16.0,23.25,0.05453847423439573,0.031014851981219227,0.08003680919851183,0.04660138650337846,0.06630975700170384,51.5,41.9,58.05,48.75,53.25
2051,20,61181.0,60017.95,62241.725,60767.75,61425.5,164.5,143.9,193.725,152.5,174.25,0.47623642040647024,0.4149648328157292,0.5517603588909591,0.44330723980499864,0.5028882627737683,164.0,143.425,193.25,152.5,174.25,164.0,143.425,193.25,152.5,174.25,0.0,0.0,2.5249999999999986,0.0,0.25,25.5,16.375,38.14999999999999,22.75,29.0,11.363636363636363,7.269163763066202,16.650705645161285,10.33725199187627,12.837958951991158,55.473067845726405,50.95565878378378,62.02769416014449,53.63394216133943,57.98722997971118,30.114107102508093,25.822091886608018,35.89733025708636,28.460925039872407,32.581251678753695,1.905241935483871,0.0,3.700471469628959,1.0858670230537921,2.691778465772274,18.5,11.375,28.049999999999997,16.0,23.0,0.05307823173091439,0.03244785373949115,0.08050487483863136,0.04681169875498975,0.06543239969817326,50.5,41.0,59.0,49.0,53.25
2052,20,60570.5,59441.35,61606.45,60147.5,60799.5,166.5,143.95,193.725,154.75,173.0,0.47500169082917854,0.41463277488435835,0.5532255510495706,0.4474353168964328,0.5008199924964045,166.0,143.95,193.2,154.75,172.0,166.0,143.95,193.2,154.75,172.0,0.0,0.0,2.0,0.0,1.0,25.5,16.85,38.14999999999999,24.25,30.0,11.039426523297491,7.196321642429426,16.331168831168824,10.0,13.076024947533327,55.90277777777778,49.99260573794736,62.21702317290553,53.26596896427283,57.902230659705744,30.45718816067653,25.68181818181818,36.08843537414966,28.829604130808946,33.15415821501014,1.9841269841269842,0.0,4.019306605323694,0.6873094065212292,2.6622280570142536,18.0,11.375,27.525,16.75,22.25,0.05209391288332961,0.03257918471891059,0.07931228829544558,0.04788154794520787,0.06345907920541766,51.0,42.0,58.574999999999996,48.0,54.0
2053,20,59952.0,58841.025,61012.225,59534.5,60220.75,166.0,139.95,191.825,153.5,174.25,0.4812251888162807,0.4033643659377338,0.5504407170741263,0.4472730080083107,0.5065149388899184,165.0,139.95,191.29999999999998,153.5,172.75,165.0,139.95,191.29999999999998,153.5,172.75,0.0,0.0,2.0,0.0,1.0,27.0,18.425,39.19999999999999,24.75,30.25,10.917549050140144,7.187843602937942,16.894560357675108,9.938409854423293,12.9342544791983,55.50011785966842,49.960633116883116,62.65577371346602,52.37945360694952,56.776200661092744,31.048256153796196,25.93733189887036,36.638893021871745,28.583913254571936,33.49986974805553,1.9841269841269842,0.0,4.042533741107639,1.1182214012402694,2.837735725080491,18.0,10.9,28.049999999999997,16.75,21.25,0.05167125843685033,0.03137378745974606,0.08118531185397775,0.048073576443822374,0.06174149182284863,51.5,41.425,57.574999999999996,48.0,55.0
2054,20,59323.5,58226.025,60431.175,58903.5,59635.5,164.0,134.375,188.14999999999998,154.5,172.25,0.47905458374794607,0.3901132546507417,0.5431018577439884,0.4462794280686038,0.4984565641192167,163.5,134.375,187.14999999999998,154.0,171.25,163.5,134.375,187.14999999999998,154.0,171.25,0.0,0.0,2.0,0.0,1.0,28.5,19.375,40.19999999999999,25.75,31.0,10.940047428486736,7.188868613138686,16.646969696969695,9.841685365245574,12.73441162681669,54.714285714285715,50.38934426229508,62.65605522313637,53.453453453453456,56.28089280197714,32.10978835978836,24.993979057591623,37.58576642335766,28.180488297013724,33.653846153846146,1.7455980570734668,0.0,4.002808530093727,1.1339854413102821,2.512458471760797,18.5,9.95,27.0,16.0,20.25,0.054141699194702075,0.028755957980495614,0.07853029528878328,0.04732233792891556,0.05973682882691877,51.0,37.425,59.099999999999994,48.75,55.25
2055,20,58740.5,57613.375,59820.5,58246.0,59039.5,162.0,136.95,186.0,150.75,170.75,0.472372885691092,0.39920255755389783,0.541170902082753,0.4434531598616102,0.500697887160239,161.5,136.425,185.0,150.75,170.75,161.5,136.425,185.0,150.75,170.75,0.0,0.0,1.5249999999999986,0.0,1.0,28.5,19.9,40.72499999999999,26.75,31.25,11.549019607843135,7.185512459597539,17.14242009789806,9.086981566820278,12.982017055988134,54.7681291202546,50.937697659709045,62.88294378983967,52.85617137028222,56.117647058823536,32.07142857142857,25.28439436017945,37.98352622250026,28.1809462915601,34.04724305829714,1.74984783931832,0.0,4.035196996877284,1.1352701278467674,2.553475935828877,18.5,9.95,28.099999999999994,15.75,20.5,0.05373456126903095,0.02893203105798737,0.08217272510804602,0.04683456853911264,0.061099245991830024,51.5,38.95,59.67499999999999,47.75,54.0
2056,20,58110.5,57012.4,59213.675,57627.25,58437.5,160.0,135.95,190.05,154.0,170.5,0.46577044079742846,0.3977287935422673,0.5567468175694581,0.4549171588135307,0.4980537101391914,159.5,135.95,189.05,154.0,170.25,159.5,135.95,189.05,154.0,170.25,0.0,0.0,1.0,0.0,1.0,29.0,19.9,41.249999999999986,26.75,31.25,11.573029747638518,7.122216575810773,16.83374249863611,9.429442508710801,12.76710702544746,55.04305477131564,49.684934977199795,62.29674796747967,53.110740610740606,55.942743597291724,32.024986015289954,26.036821705426355,38.39086413939251,28.354908997692903,33.976581293335215,1.7613927291346645,0.0,4.094904240766073,1.211147193319637,2.6048639000446228,19.0,10.475,28.099999999999994,15.0,20.75,0.05581697185831881,0.030669479852027948,0.08263183692151095,0.044855148741799335,0.06170981982411713,50.0,41.425,62.67499999999999,47.0,54.0
2057,20,57471.0,56386.025,58591.85,57034.25,57825.75,157.5,135.475,190.0,153.75,170.0,0.4694203224558804,0.3992953829857467,0.5608559651986275,0.4554729311372838,0.5018428760706715,157.5,134.95,189.525,153.0,169.0,157.5,134.95,189.525,153.0,169.0,1.0,0.0,1.0,0.0,1.0,29.5,19.9,41.774999999999984,26.75,32.25,11.14448051948052,7.153846153846154,17.27615738691687,9.53402614817298,12.532894736842106,55.14705882352942,49.591650438169424,63.07416267942583,53.07049418604652,56.12512487512488,31.895424836601308,25.839783281733745,37.78490028490029,28.646353646353646,34.3553514659131,1.6228070175438596,0.0,3.838235294117646,1.2125249833444371,2.619047619047619,18.0,10.425,28.624999999999993,15.0,21.0,0.053146303535721424,0.03069249246974756,0.08487237195562093,0.04517591151641793,0.06265373684068878,50.5,42.425,63.14999999999999,46.75,53.25
2058,20,56785.0,55697.875,57987.55,56443.5,57168.5,155.0,135.425,188.1,152.5,172.0,0.46630864907932745,0.4022215304590342,0.5598239940679579,0.45608484019527806,0.5091027995920174,155.0,134.95,187.625,152.0,170.5,155.0,134.95,187.625,152.0,170.5,0.0,0.0,2.5249999999999986,0.0,1.0,30.5,19.9,42.72499999999999,27.0,33.25,11.612903225806452,6.7431127854956445,16.960831721470015,9.934017595307918,12.471620227038184,55.0675168792198,49.91935483870968,61.99498426435877,52.417059684501545,56.52483673065505,31.82670667666917,26.453011374230837,37.3196373910996,29.017099595353088,34.79389032020611,1.63062743707905,0.0,4.069767441860465,0.7421832443621309,2.702355036611914,18.0,9.9,27.099999999999994,15.75,21.0,0.05476463329009251,0.029341629659214188,0.08102365418149185,0.047440176257382866,0.0625440368929395,50.0,41.475,62.67499999999999,47.0,54.0
2059,20,56124.0,55025.525,57387.375,55771.5,56580.25,153.5,134.85,184.525,149.0,163.5,0.4628432898129207,0.40467274355894,0.557490719220196,0.453465073624076,0.4932807941999891,153.5,133.9,184.525,148.75,163.5,153.5,133.9,184.525,148.75,163.5,0.0,0.0,1.5249999999999986,0.0,1.0,31.0,19.9,44.82499999999998,28.5,33.5,11.179857877971086,7.57918226317305,17.547067171239352,9.839067964835996,12.273522429089091,54.597970054707744,49.450598421186655,61.35298742138365,52.40379452299982,56.34852216748769,33.22736568135342,26.265804597701152,37.57499026100506,28.975155279503106,35.1541682527598,1.8137254901960784,0.0,3.9818739542665913,0.7112634957688941,2.7104224889035016,17.5,10.475,27.099999999999994,15.0,20.5,0.05384439599250232,0.03145348987272752,0.08192715247549306,0.04567215818030839,0.06237420690172546,49.5,39.95,62.62499999999999,46.75,54.0
2060,20,55520.0,54422.25,56719.85,55159.5,55928.0,152.0,129.425,184.1,147.5,160.5,0.4653333123556309,0.39243913011995774,0.5577989175090448,0.450523919710382,0.49877309508789963,152.0,129.425,184.1,147.0,160.5,152.0,129.425,184.1,147.0,160.5,0.0,0.0,2.0,0.0,0.25,32.5,20.425,44.82499999999998,29.0,35.0,11.113010040589618,7.52798122550031,17.383757423591323,9.867663981588032,13.051226289718498,54.70861486486486,49.107284768211926,60.98693759071118,53.11517341718684,56.11858899976792,33.438818565400844,26.115707821590178,37.35458015267175,29.29152793192749,35.485341171218096,1.4998514998514998,0.0,3.695701357466063,0.7523751990773793,2.5438954675377707,17.5,10.475,26.574999999999996,15.75,20.5,0.05375817564611277,0.03178857450463604,0.08124324759236057,0.0478461755579391,0.06335671656096184,48.5,38.95,60.14999999999999,45.75,54.0
2061,20,54861.5,53782.225,56101.525,54475.75,55329.0,151.5,132.0,179.05,144.25,156.75,0.4664850542443355,0.4042512277213694,0.5490127308221818,0.4471961101577379,0.4928869099779736,150.5,131.0,178.525,144.0,156.75,150.5,131.0,178.525,144.0,156.75,0.0,0.0,2.0,0.0,1.0,33.0,21.95,44.82499999999998,29.0,35.25,11.07597623089983,6.556231327358089,17.02617669267556,10.376921038685744,12.939598806576527,54.36556231688077,49.464285714285715,60.88978494623656,52.48044096728307,55.76856198921927,33.006535947712415,26.184630738522955,37.99242424242424,29.76779503257728,35.17270159219312,1.5375586854460095,0.0,3.570624708030747,0.7506635700066357,2.3389880296687964,17.0,8.95,24.049999999999997,15.0,21.5,0.05286424908051854,0.02765437518550521,0.07489820296679078,0.046785237354776396,0.06691795723476225,49.0,39.0,59.14999999999999,45.75,53.25
2062,20,54225.0,53138.475,55371.475,53870.75,54639.25,149.5,128.375,175.525,143.75,154.75,0.47003883572689853,0.3989462178254798,0.549515603750037,0.4511516077905966,0.482987725764489,148.5,128.375,175.0,143.75,153.5,148.5,128.375,175.0,143.75,153.5,0.0,0.0,1.5249999999999986,0.0,1.0,34.0,21.95,45.34999999999998,29.75,36.0,11.184694628403237,6.165873015873016,17.45089058524173,10.050321498462399,12.8308038438072,54.11836485661989,49.827962927391475,60.285714285714285,51.06015037593984,56.37233420975752,33.45183439645716,25.791666666666668,38.65438596491228,29.8981524427953,36.15867579908675,1.7773882559158634,0.0,3.612486965589155,0.7860777898945838,2.366797110174594,16.5,8.475,25.049999999999997,14.75,20.0,0.051908087069364825,0.02596091443965951,0.07850927263742742,0.04638665545351654,0.06301188980408581,49.5,38.95,59.14999999999999,45.0,53.25
2063,20,53589.5,52502.625,54732.65,53247.25,54051.5,145.5,126.95,172.525,138.75,153.25,0.4616735561804501,0.3994133926995294,0.542804682924767,0.44377995369578355,0.48603556398716213,145.5,126.95,172.05,138.75,153.25,145.5,126.95,172.05,138.75,153.25,0.0,0.0,1.0,0.0,0.0,35.5,21.95,45.34999999999998,30.75,36.0,11.59406771756366,5.873015873015873,17.203797599337747,9.335817060637204,12.57295128475318,54.075394803871625,49.0948275862069,60.53034682080925,51.14187719591769,55.96716947648624,32.82944620405029,26.260987357013846,38.86016346837242,30.59729064039409,36.63745060289797,1.9719827586206897,0.0,3.6301054018445322,0.7905505952380952,2.437399584623222,17.5,8.0,24.574999999999996,13.75,19.5,0.055456353340996016,0.024826793697767115,0.07805974084627113,0.04363055400833465,0.06243462681145652,50.0,38.9,58.14999999999999,44.75,52.25
2064,20,52971.5,51865.875,54109.05,52647.5,53377.25,143.5,123.375,170.05,134.75,148.25,0.46306919941074864,0.3942569884894717,0.5443840736169517,0.4375090021423139,0.47958516077347574,143.5,122.9,169.525,134.75,148.25,143.5,122.9,169.525,134.75,148.25,0.0,0.0,1.5249999999999986,0.0,0.0,35.5,21.95,47.29999999999998,31.5,37.0,11.535827830765468,5.710425937698665,17.028735632183906,9.718291741703114,13.218618143459915,54.112127609664554,48.01680373641994,61.38603035760226,51.189083820662766,56.10277880014722,33.343920145190566,26.726865997381054,38.34194214876033,29.701466631953483,36.82402482269504,2.007250268528464,0.0,3.7059617597592265,0.8182474091565001,2.4860623580425356,17.0,7.475,24.0,13.75,19.5,0.054071042785783875,0.023559117909504906,0.07730340773877449,0.043745974533718944,0.06347278908523057,48.0,37.9,57.099999999999994,43.75,51.25
2065,20,52347.5,51284.525,53490.65,51969.5,52749.75,140.0,123.275,170.1,133.0,148.0,0.4581732659606182,0.3997840462685315,0.5502610951186413,0.43970428597863026,0.4786337368892696,140.0,123.275,169.575,132.75,148.0,140.0,123.275,169.575,132.75,148.0,0.0,0.0,1.5249999999999986,0.0,0.0,36.0,21.95,48.29999999999998,31.5,38.0,11.621728983564228,5.548076923076923,15.54036458333333,9.571064078969382,13.479612492770388,53.67647058823529,48.05087252292221,61.58064246277396,50.54041353383459,55.883458646616546,33.01087984862819,27.493990384615383,38.5633484162896,30.340909090909093,36.79255262879509,1.7346938775510203,0.0,3.7724358974358956,0.8255646008403361,2.3368298368298372,17.0,7.475,22.525,13.75,19.5,0.054671359208840226,0.023892715026196314,0.073469668628162,0.04510946814934486,0.06425926000473857,46.5,37.9,58.099999999999994,44.0,50.0
2066,20,51744.0,50704.875,52923.375,51356.0,52142.5,138.5,120.275,164.2,131.25,146.25,0.458182686697837,0.3933074230628063,0.538091687529476,0.4395769582767927,0.48395778502230646,138.0,120.275,163.67499999999998,131.0,146.25,138.0,120.275,163.67499999999998,131.0,146.25,0.0,0.0,1.0,0.0,1.0,36.5,22.475,48.82499999999998,32.0,38.25,12.186536485097637,5.651231751824818,15.518223574325935,9.502450980392156,13.270817704426108,54.06190605484659,47.32954545454545,63.07841614906832,51.034399224806194,56.032258064516135,32.509803921568626,26.566619915848527,39.578683035714285,30.775862068965516,36.78522699082114,1.4243714517437145,0.0,3.8484345351043627,0.846551724137931,2.3828125,17.0,7.475,21.0,13.75,19.25,0.05600941449691384,0.02418924754318488,0.0701224346844348,0.04525662701609148,0.06441159991037079,45.5,36.0,56.05,43.75,50.25
2067,20,51183.5,50116.625,52268.425,50778.25,51479.25,136.0,117.8,164.05,129.5,143.5,0.45433609606173253,0.39227365256758356,0.5448217160582604,0.4384382512588033,0.48339944565608567,136.0,117.8,163.525,128.5,143.5,136.0,117.8,163.525,128.5,143.5,0.0,0.0,1.0,0.0,0.0,36.5,22.475,49.29999999999998,33.0,39.0,11.930803571428571,5.970943290286357,15.945976154992543,9.587087087087088,13.113275613275611,53.0952380952381,47.13173400673401,62.79741264337156,50.95543345543345,55.97650703498128,32.49347939488785,25.774233784746972,39.31643356643357,30.223408892763732,36.63152203298189,1.5173285821024196,0.0,3.8412698412698396,0.8628127696289905,2.4029737903225805,17.0,7.95,22.574999999999996,13.0,18.5,0.05616661667480566,0.02607982952071305,0.07619455767286275,0.04454530550202271,0.06275866507442705,45.0,33.425,56.19999999999999,43.75,50.0
2068,20,50575.5,49474.775,51665.8,50172.5,50868.5,132.5,116.325,162.2,130.0,141.0,0.4558190951721597,0.3924164512931888,0.5454232982127182,0.440144625708478,0.4794740395727615,132.5,115.8,161.67499999999998,130.0,140.25,132.5,115.8,161.67499999999998,130.0,140.25,0.0,0.0,1.0,0.0,1.0,37.0,22.475,50.34999999999998,33.75,39.25,11.8082895888014,5.506801592568016,16.05496987951807,10.075852739395112,12.931287622962856,53.645083932853716,46.46905805038335,62.22424871968305,51.56926406926408,56.1512508229098,33.09002433090024,26.683524173027987,39.05773059057731,30.697004608294932,37.27460243529177,1.5151515151515151,0.0,3.7435064935064912,1.1706060266606924,2.214854850392823,16.0,6.95,22.574999999999996,13.75,18.0,0.05348424061881111,0.023092535231490383,0.07728260700927492,0.046462470799215186,0.06180285908085532,44.5,33.475,58.249999999999986,42.75,48.5
2069,20,49965.5,48880.5,51043.55,49567.25,50251.75,131.5,116.225,160.25,127.5,137.25,0.45340779606604786,0.3917689932373575,0.546135572436904,0.43580406225406004,0.47508016403030984,131.5,116.225,159.725,127.5,137.25,131.5,116.225,159.725,127.5,137.25,0.0,0.0,1.0,0.0,0.0,37.0,22.475,51.34999999999998,33.75,41.0,11.900022119000221,5.255055147058823,16.223607038123163,10.465891768292684,13.373015873015873,53.11594202898551,46.634954193093726,61.214488636363626,50.614754098360656,56.26235992089651,33.20610687022901,27.404325513196483,39.266843365253074,30.3639846743295,35.44226044226045,1.53276955602537,0.0,3.8119875600791606,1.1929671607090961,2.2282732664233578,16.0,6.95,23.049999999999997,13.75,18.0,0.054993227383549115,0.02340434469754829,0.08003961098927757,0.047064185801807795,0.06179105149333679,43.5,35.95,56.67499999999999,41.0,45.75
2070,20,49332.5,48303.475,50425.0,48971.75,49664.75,126.5,114.425,156.67499999999998,123.0,136.25,0.44652916173745183,0.3907513321131988,0.5417254041909223,0.4294640866510188,0.47989812528787207,126.5,113.9,156.67499999999998,123.0,136.25,126.5,113.9,156.67499999999998,123.0,136.25,0.0,0.0,1.5249999999999986,0.0,0.0,37.5,23.475,52.82499999999998,34.0,41.0,11.76470588235294,5.922836287799791,15.9572447347374,10.506194347657763,13.466789433578867,53.15748728157487,45.00806289054626,62.11805555555555,50.0,56.140350877192986,32.55578093306288,26.993464052287578,39.549074018218015,30.755131964809387,35.15859962406015,1.5648878293294213,0.0,3.959393939393937,1.2016310949158424,2.271505376344086,16.0,8.0,21.525,13.0,17.25,0.0560750029178811,0.02794432155696203,0.07586578004863884,0.046307188190155606,0.060346014762280076,42.0,33.9,56.62499999999999,40.5,46.0
2071,20,48730.5,47661.275,49822.675,48347.0,49083.75,125.5,113.9,154.575,119.75,134.25,0.4462899553101043,0.39415527989904203,0.5410066279291884,0.4274123215560827,0.48061796243439897,125.5,113.9,154.05,119.75,134.25,125.5,113.9,154.05,119.75,134.25,0.0,0.0,0.5249999999999986,0.0,0.0,38.0,24.0,53.82499999999998,34.75,41.25,11.741727941176471,6.013116236996834,15.661585365853655,10.37936507936508,13.276578073089702,53.69493993447398,44.85487288135593,60.90773809523809,50.379143214509064,56.7612293144208,33.31785714285714,27.738095238095237,39.87033582089552,30.430479960415635,34.9504662004662,1.4554885148724463,0.0,4.0647154471544695,0.8113690007867821,2.388064600840336,15.0,8.0,21.049999999999997,13.0,17.25,0.05328552469771561,0.027684692239936283,0.07501463466180722,0.04624606678800848,0.05988142795639695,42.0,34.95,53.574999999999996,39.75,45.0
2072,20,48143.5,47084.275,49185.725,47744.5,48465.75,124.5,114.0,153.625,117.0,134.25,0.4457432682973981,0.4014164171683694,0.544859454512819,0.41800458542794017,0.4841909777625162,124.5,114.0,153.625,117.0,134.25,124.5,114.0,153.625,117.0,134.25,0.0,0.0,0.5249999999999986,0.0,0.0,38.5,24.0,53.82499999999998,35.0,42.0,11.935286935286936,6.687271822104215,15.771739130434778,10.725000000000001,13.597374847374848,52.77217741935483,44.82971014492754,61.09333333333333,49.89316239316239,57.67620624408704,33.19892473118279,27.51214285714286,40.84420289855072,29.97826597744361,34.93589743589743,1.531089294062646,0.0,4.208333333333331,0.8548850574712643,2.4267399267399266,14.5,8.475,21.049999999999997,13.0,17.25,0.05218184121495803,0.02970043083052626,0.07596014652611195,0.047604480892645046,0.06209657695814693,41.5,34.475,54.525,38.75,43.25
2073,20,47532.0,46501.875,48550.925,47155.25,47919.75,120.0,110.475,151.725,117.5,133.5,0.4424244747304069,0.404621089864577,0.5468481258069167,0.42614352124437194,0.48942759631703153,120.0,110.475,151.725,117.5,133.5,120.0,110.475,151.725,117.5,133.5,0.0,0.0,0.5249999999999986,0.0,0.0,39.0,24.475,54.29999999999998,35.0,42.25,11.9693094629156,7.268518518518518,16.68412942989214,10.756578947368421,13.648275862068967,53.48793363499246,45.3628526645768,61.98214285714285,49.891304347826086,58.02072627612196,32.98717948717949,24.96641156462585,40.388888888888886,30.180667496078325,35.306795131845846,1.5810768751945223,0.0,4.221638655462183,0.847457627118644,2.3578125,14.0,9.475,21.0,13.0,17.0,0.05115340661614712,0.03368952398944575,0.07701065619606356,0.04834252514900642,0.06121511879357062,40.5,29.95,54.05,38.0,42.25
2074,20,46944.5,45946.325,48030.3,46600.5,47369.25,121.0,110.9,147.825,114.0,132.5,0.44669755894826746,0.40277281101893914,0.53957141728331,0.42563085158665975,0.49085823890038127,121.0,110.375,147.29999999999998,114.0,132.5,121.0,110.375,147.29999999999998,114.0,132.5,0.0,0.0,1.0,0.0,0.0,40.0,24.475,55.29999999999998,35.75,43.0,12.054733397783892,7.3093220338983045,16.817070330693987,10.591803278688523,13.502046220510351,54.49948281806689,45.534081766986034,62.241589625064194,49.896694214876035,57.78868430679186,33.012149141181396,24.568465655664586,40.14754685059865,30.290991087726837,35.69491525423729,1.4547185780787135,0.0,4.19994444058615,0.8628127696289905,1.8871351208558975,14.5,8.475,21.0,13.0,17.0,0.05299765271823607,0.030511789666773138,0.07727778538981904,0.04772002508017418,0.06230925556007615,40.5,28.475,53.574999999999996,36.75,43.25
2075,20,46324.0,45420.775,47430.55,46039.25,46826.0,119.0,108.475,148.87499999999997,114.5,128.0,0.44316129888166406,0.4018161927391771,0.5518718979890889,0.4292958610196811,0.4787581742273052,118.5,108.475,148.34999999999997,114.5,128.0,118.5,108.475,148.34999999999997,114.5,128.0,0.0,0.0,1.0,0.0,0.0,40.5,25.0,55.29999999999998,35.75,44.0,11.981821270812096,7.100840336134453,16.650328043942626,10.772642390289448,13.761089333608417,54.7245057741241,46.55766601913807,63.959045031055894,50.85139318885449,57.58090470230646,32.732708468002585,23.657886385274516,39.36539357242663,29.350122682660853,35.39915966386555,1.5152384778740744,0.0,3.8595696899449425,0.8566357577513763,1.8100669476816267,14.0,8.475,20.525,13.0,17.25,0.05174071285360795,0.03090333141396138,0.07718147986048242,0.04827568253691977,0.06473213633203109,39.5,27.425,53.099999999999994,34.75,42.5
2076,20,45768.5,44860.375,46885.275,45482.75,46287.75,118.0,108.475,146.49999999999997,112.0,126.0,0.4477209966578711,0.39912261097966956,0.5497081348261801,0.4223082727332284,0.47582697909313293,117.5,108.475,145.97499999999997,112.0,126.0,117.5,108.475,145.97499999999997,112.0,126.0,0.0,0.0,1.0,0.0,0.0,41.0,26.0,55.82499999999998,35.75,44.25,12.053001277139208,7.403846153846153,16.463337145761844,10.725000000000001,14.017764185320146,53.98363479758829,45.84974805313789,64.02830508474575,50.68181818181818,56.74894957983193,32.59615384615385,23.581897749374825,39.51825293350716,30.070763103619946,35.47724399494311,1.5751937984496125,0.0,3.981681034482757,0.8299180327868853,1.8265993265993266,14.0,8.475,21.049999999999997,13.0,16.25,0.05366209589328714,0.03125975796971855,0.08009614562603008,0.04829314250451197,0.06157120965193233,39.5,28.325,52.05,35.75,42.5
2077,20,45228.0,44296.275,46331.925,44937.75,45753.25,115.5,108.425,145.825,111.0,125.25,0.4428065350855871,0.4039327404110121,0.551121718695868,0.42373596983961326,0.4785165354559573,115.5,108.425,145.825,111.0,124.5,115.5,108.425,145.825,111.0,124.5,0.0,0.0,1.0,0.0,0.0,41.0,26.0,56.82499999999998,37.0,45.25,12.390350877192983,7.601351351351352,16.61024390243902,10.106457487043004,13.73225743729341,53.24628099173554,46.04469854469855,63.945312499999986,50.669642857142854,56.023226616446955,33.64254084593068,23.013063233623626,40.067567567567565,30.58181818181818,35.661901570992484,1.5936507936507938,0.0,3.6259268117675174,0.8388452528593082,1.8186410709775196,14.0,9.0,21.049999999999997,12.0,16.25,0.053700736353068115,0.034339908959592214,0.08016667366397458,0.045635254713778134,0.06169467228813268,39.0,27.8,51.05,36.5,43.0
2078,20,44663.5,43754.8,45847.575,44375.5,45205.75,114.5,102.375,142.29999999999998,111.0,124.0,0.4433066898062587,0.3951810818913954,0.5428272377992339,0.4230614254222394,0.48307782616290723,114.5,102.375,142.29999999999998,111.0,123.25,114.5,102.375,142.29999999999998,111.0,123.25,0.0,0.0,0.5249999999999986,0.0,0.0,41.5,26.475,57.29999999999998,38.0,46.0,11.936936936936938,7.689915105386417,15.61991869918699,10.227272727272727,13.813747976254723,52.80287013902236,46.20495495495496,63.0383430332078,51.01351351351351,57.191855400696866,33.920807453416145,23.395300511508953,39.18168269882129,30.688246385920802,35.84387139433011,1.5948659295971535,0.0,3.6603194103194077,0.8230867432641269,1.9285714285714286,14.0,9.0,19.525,11.75,16.25,0.05381140582785523,0.034696827654161655,0.0757417041680014,0.04444257204788367,0.062387298332951466,38.5,28.85,49.05,35.25,40.5
2079,20,44199.0,43292.925,45354.85,43845.75,44681.0,113.5,102.9,137.34999999999997,109.5,123.75,0.44364084327270076,0.40059247161281825,0.533395025129248,0.42295655511511127,0.4813309530881269,113.5,102.9,137.34999999999997,109.5,123.75,113.5,102.9,137.34999999999997,109.5,123.75,0.0,0.0,1.0,0.0,0.0,42.0,26.475,57.29999999999998,38.75,47.25,12.116079494128275,8.312235475182764,15.0,9.366096866096866,13.210594315245476,53.205128205128204,45.73198198198198,63.66244769156889,50.32051282051282,58.487849417052956,32.841183574879224,22.83695041438404,38.51231276973851,30.599046970728388,35.88400900900901,1.7028985507246377,0.0,3.72200772200772,0.908119658119658,2.4079028606709203,13.5,9.475,19.0,11.0,16.25,0.05260240386453254,0.03622777295150399,0.07436016973894603,0.04312318537189104,0.06316919502347121,38.0,27.325,46.525,34.75,40.5
2080,20,43758.0,42851.075,44919.299999999996,43369.75,44172.5,111.5,102.475,139.87499999999997,108.25,123.25,0.4391032252584959,0.40178501329708877,0.5490092875686863,0.4183785979394993,0.4787901746021872,111.5,102.475,139.87499999999997,108.25,122.5,111.5,102.475,139.87499999999997,108.25,122.5,0.0,0.0,1.0,0.0,0.0,42.0,27.425,57.82499999999998,39.0,47.5,11.473369835739174,8.063063063063064,15.753607503607501,9.893533684660305,13.60909090909091,53.48365152512618,45.03751103265667,64.2992266282508,50.252100840336134,58.55855855855856,33.522549326652054,22.764489587884082,38.89705882352941,29.958582604693973,35.63986938267766,1.6928571428571428,0.0,3.422330097087377,0.8456772539524284,2.4343508397760596,14.0,8.95,18.525,11.75,15.5,0.053920975405844396,0.03482150456789853,0.0732495107865523,0.04612378556611852,0.06065575483100291,37.5,26.8,49.099999999999994,34.75,40.25
2081,20,43327.0,42415.975,44502.825,42911.25,43724.0,114.0,98.95,139.07499999999996,108.75,122.25,0.4535001673586152,0.38858530086283816,0.5552498636224215,0.4281065534569977,0.48199324237237606,114.0,98.95,139.07499999999996,108.5,121.5,114.0,98.95,139.07499999999996,108.5,121.5,0.0,0.0,1.0,0.0,0.0,43.5,27.425,58.34999999999998,39.75,48.25,11.94059405940594,8.006340579710145,15.376623376623373,9.959016393442623,13.252117070271876,52.58333333333333,44.62662337662338,62.936020036429866,50.75,57.85961206068754,33.51656514633784,23.63517060367454,38.90408415841584,30.905395417590537,36.44703919933278,1.6569667921944538,0.0,3.8701298701298694,0.8333333333333334,2.523220946390697,13.0,8.95,18.0,12.0,14.75,0.052263545234223066,0.03519347584213464,0.07196165463987679,0.04693595123448131,0.05857582722564835,37.0,27.8,50.14999999999999,34.75,40.5
2082,20,42821.5,41938.2,44038.65,42510.5,43240.5,114.5,96.475,136.87499999999997,107.25,120.25,0.4571262343715262,0.38844583267217525,0.5468945131554389,0.4287752687159114,0.4811469106324269,114.5,96.475,136.87499999999997,106.5,120.0,114.5,96.475,136.87499999999997,106.5,120.0,0.0,0.0,1.0,0.0,0.0,44.5,27.9,59.29999999999998,40.0,49.0,11.634565330557,8.236910555462325,15.525530271105492,9.915494006403097,13.18233204134367,52.606589147286826,44.1537610619469,62.372621123663656,50.63988095238095,57.63475339746526,33.6822864739116,24.104776467161788,40.52622126436781,31.51901901901902,36.13095238095238,1.6807909604519775,0.0,3.946759259259258,0.960519342872284,2.166226463321121,13.0,9.0,19.0,11.0,14.75,0.05203956415095534,0.03571343440122044,0.07512324904662063,0.04443862767425577,0.06026903970454532,37.0,28.325,50.099999999999994,34.75,40.25
2083,20,42384.0,41517.275,43618.2,42145.75,42800.5,111.0,96.9,135.825,106.0,121.75,0.44592902211834795,0.39001341963735564,0.5479487484365217,0.4260809008658708,0.48827886039720586,111.0,96.9,135.825,106.0,121.0,111.0,96.9,135.825,106.0,121.0,0.0,0.0,0.5249999999999986,0.0,0.0,45.0,28.375,59.29999999999998,40.75,49.25,11.891996891996893,8.2125,15.906249999999996,10.129635212541451,13.42678713792187,52.48347040799871,43.31062030075188,62.79214850882531,50.87626262626263,58.057943925233644,32.873070325900514,25.03735849056604,39.211009174311926,30.630841121495326,36.64339133089133,1.6880341880341883,0.0,3.5059808612440166,0.9411920296244048,2.1199902248289346,13.0,9.0,19.525,11.75,14.5,0.052580491690711176,0.03602940400100374,0.07836729839891571,0.04612535785018366,0.05878097865176304,37.5,28.85,46.14999999999999,33.0,40.25
2084,20,41985.0,41076.425,43161.65,41699.5,42358.25,112.0,95.85,134.25,106.0,122.25,0.4625916619969511,0.3920820582447765,0.5479646595237386,0.42616519713106116,0.49451498448734016,112.0,95.85,134.25,106.0,122.25,112.0,95.85,134.25,106.0,122.25,0.0,0.0,1.0,0.0,0.0,45.0,28.375,59.29999999999998,40.75,49.25,11.788059245686364,8.566176470588236,15.425441465009808,10.328714147599097,13.649459310127082,52.44310042973102,43.60703812316716,62.84977827050997,50.63559322033898,57.778664235240484,33.47701149425287,24.572871572871573,40.0905100128243,29.707207207207208,36.36363636363637,1.6463414634146343,0.0,3.541848299912814,0.9618001996189093,2.4440223910435828,13.0,9.475,19.049999999999997,11.75,15.25,0.0532461362391128,0.03805775215190416,0.07725331862327181,0.0464013865576227,0.06225556715089238,37.0,28.9,46.099999999999994,33.0,40.25
2085,20,41591.5,40732.675,42751.5,41345.25,42029.25,111.0,93.85,134.92499999999998,103.75,119.5,0.45597898478963905,0.3892155754671043,0.5560168530065562,0.42270545212224586,0.49613816124803245,111.0,93.85,134.92499999999998,103.75,119.5,111.0,93.85,134.92499999999998,103.75,119.5,0.0,0.0,0.5249999999999986,0.0,0.0,45.5,28.375,60.249999999999986,40.75,50.0,11.946208735199562,7.968998410174881,16.576384662203285,10.735650192280303,13.590419687980663,52.66106442577031,43.66213974704541,62.00695244363995,51.56118881118881,56.997618207480585,33.4733893557423,23.08433570256971,38.92936751184174,29.46959036898061,36.31372549019608,1.8283519786274838,0.0,3.038108680310515,1.4355742296918768,2.5263495228599915,13.0,8.475,19.525,11.75,15.25,0.05390716189009816,0.03438630222073439,0.07931057562255601,0.04686666310032078,0.06286501306084483,36.5,26.475,47.14999999999999,33.25,40.0
2086,20,41213.5,40375.225,42398.625,40946.25,41670.25,109.0,90.475,132.97499999999997,101.75,118.25,0.45379816996997524,0.37940401746466007,0.5536416778212249,0.4197413788304371,0.48778907545908123,109.0,90.475,132.97499999999997,101.5,118.25,109.0,90.475,132.97499999999997,101.5,118.25,0.0,0.0,1.0,0.0,0.0,45.5,28.9,60.72499999999999,40.75,50.25,11.903896811699518,8.23775134522798,15.940644654088048,10.17406962785114,13.53652081863091,54.29194295576347,43.363207547169814,62.079831932773104,51.38242498469076,56.67643204070619,33.73983739837398,24.014334862385322,39.141872278664735,29.178535821108103,36.45640074211503,1.8608274190756449,0.0,3.057339449541284,0.997960372960373,2.5317819435466493,13.0,8.475,19.0,10.75,15.25,0.05369631410103855,0.034708707132339,0.07812859096452796,0.04506233918671827,0.06352470431535831,35.5,27.0,46.19999999999999,32.0,39.25
2087,20,40842.5,40037.675,42095.725,40603.0,41330.75,109.0,93.475,131.54999999999995,102.0,116.25,0.4540322657744217,0.38758001391826497,0.5559894493744101,0.41760050217107164,0.48326766861901616,109.0,93.475,131.54999999999995,102.0,116.25,109.0,93.475,131.54999999999995,102.0,116.25,0.0,0.0,0.5249999999999986,0.0,0.0,46.0,29.425,60.72499999999999,41.75,51.0,11.838054187192117,8.288770053475936,17.28695856873823,10.096153846153847,13.398058252427184,53.74125874125875,42.08776595744681,63.17859182507955,50.90849180945208,55.893691588785046,34.20566502463055,24.0030031265427,39.1371158392435,28.664596273291924,37.363147605083086,1.8961179007907978,0.0,2.9478533434650447,0.9436725811851355,2.516025641025641,12.5,9.0,20.0,10.75,15.0,0.05233181166623757,0.03710872473685516,0.08299578013928625,0.04639983951860985,0.06326768332686206,35.5,26.475,45.67499999999999,32.75,38.5
2088,20,40498.0,39685.275,41791.275,40248.5,41011.25,111.0,93.0,129.59999999999997,98.25,115.25,0.46728047714122467,0.38963213674438973,0.550735274056383,0.4095628062189449,0.481758675824707,111.0,92.475,129.59999999999997,98.25,115.25,111.0,92.475,129.59999999999997,98.25,115.25,0.0,0.0,0.5249999999999986,0.0,0.0,46.5,29.425,61.19999999999999,41.75,51.0,11.712662337662337,7.56342062193126,17.2801724137931,10.639880952380953,14.158186864014802,53.03831484049931,42.43010752688172,63.831635318704286,51.59020390070921,55.569403714565,33.47701149425287,22.32758620689655,39.61050102951269,30.30471943515422,36.49553571428571,1.9232547387887193,0.0,2.965869815668202,0.8602269378131446,2.591829085457271,13.0,7.95,20.049999999999997,10.75,15.0,0.05472911620103561,0.033473614375405795,0.08448588715271477,0.046925395830887076,0.062260462652431466,35.0,24.0,44.14999999999999,33.5,38.25
2089,20,40099.0,39312.95,41432.9,39851.5,40630.75,106.5,90.95,129.07499999999996,95.25,112.25,0.4542554317235332,0.384891016009542,0.5520074035923421,0.4113307014497024,0.4811479071039134,106.5,90.95,128.54999999999995,95.25,112.25,106.5,90.95,128.54999999999995,95.25,112.25,0.0,0.0,0.5249999999999986,0.0,0.0,47.0,29.425,61.19999999999999,42.0,52.0,11.269841269841269,7.41125860373648,17.099999999999998,10.119492158327109,15.094670406732119,53.48474341192788,43.44086021505376,64.47821891370278,52.12797619047619,56.22119815668202,33.91534391534391,23.210243350311263,39.89784946236559,29.109862074463845,36.01675724637681,1.9047619047619049,0.0,2.7027027027027026,0.6578947368421052,2.2714604236343368,12.0,7.475,19.525,10.0,15.25,0.051689035786249865,0.031805746859519396,0.083227461201159,0.04302011337203002,0.06514061719736433,35.0,23.9,44.14999999999999,30.5,37.25
2090,20,39672.5,38886.8,41073.3,39441.25,40247.25,106.5,88.475,127.44999999999997,96.25,113.25,0.4602702832183304,0.38354209403847594,0.5468900146015071,0.4134658554898492,0.48892833752484266,106.5,88.475,127.44999999999997,96.25,113.25,106.5,88.475,127.44999999999997,96.25,113.25,0.0,0.0,1.0,0.0,0.0,47.5,30.425,61.19999999999999,42.0,53.25,11.387208297320656,6.673215802888699,16.831761006289305,10.437109723461194,15.330726621049202,53.606237816764136,44.84276729559748,64.40039903391788,52.25601604278075,55.921822742474916,31.766270337922403,23.505162465836623,39.94949494949495,28.902885006095083,35.26074360212458,1.9049346879535558,0.0,3.1031672100605485,0.0,2.248496446145435,12.0,6.475,20.099999999999994,10.0,16.0,0.05232235828780521,0.027862096371472665,0.08663037907501075,0.04441580618563458,0.06810100939328932,33.0,23.375,41.574999999999996,30.75,36.5
2091,20,39295.5,38468.1,40645.925,39035.25,39869.5,106.0,88.0,125.92499999999998,95.5,110.5,0.4638454115834858,0.3875252496044607,0.5446664691550838,0.4154531501677698,0.48609301662150983,106.0,88.0,125.92499999999998,95.5,110.5,106.0,88.0,125.92499999999998,95.5,110.5,0.0,0.0,0.0,0.0,0.0,47.5,30.425,61.72499999999999,42.75,54.0,11.507060900264783,6.53822629969419,16.912878787878785,9.850427350427351,15.274725274725276,54.54545454545454,44.817971380471384,64.07448915763135,52.23466003316749,55.98705501618123,32.5290215588723,24.40340909090909,40.47537878787878,28.8901147396293,35.26739356178608,1.8187830687830686,0.0,2.727272727272727,0.0,2.203907203907204,12.0,6.475,19.525,10.0,16.0,0.05296175561003155,0.028228110486941446,0.0851612298998252,0.04498818077761744,0.06884677311634255,32.5,23.85,42.574999999999996,30.0,37.25
2092,20,38914.5,38084.925,40221.075,38659.5,39484.75,102.5,86.9,123.39999999999998,97.0,109.25,0.4558551236825362,0.3833758963311595,0.5433943137552921,0.4235816606395851,0.48890985696770783,102.5,86.9,123.39999999999998,97.0,109.25,102.5,86.9,123.39999999999998,97.0,109.25,0.0,0.0,0.0,0.0,0.0,48.0,30.9,61.72499999999999,42.75,54.25,11.207729468599034,6.573806824038759,16.573529411764703,10.006198741178714,15.546095126247797,54.66403162055336,45.461328976034864,63.66124850418828,52.16628842583041,55.693069306930695,31.987981159655675,24.717391304347828,39.67713152676801,29.387319465891544,34.80255285201436,1.8433571185864763,0.0,2.7557464006062133,0.6880733944954129,2.1513002364066196,12.0,6.475,19.574999999999996,9.75,16.0,0.05355276092282388,0.02849040805855052,0.08639393838507689,0.04273176687775411,0.0696105105963069,32.5,25.425,41.05,30.0,36.25
2093,20,38527.5,37691.225,39818.775,38261.0,39032.75,101.5,87.425,121.92499999999998,94.5,109.0,0.45394070135815434,0.38987838139051983,0.5488574723040855,0.42019779327171003,0.4841176790890664,101.5,87.425,121.92499999999998,94.5,109.0,101.5,87.425,121.92499999999998,94.5,109.0,0.0,0.0,0.0,0.0,0.0,48.0,30.9,62.19999999999999,43.5,54.25,11.781832298136646,6.8314050506174215,16.728652081863093,9.049707602339181,15.211891208096143,54.42271074952397,46.032910177085554,62.25011852085967,51.566820276497694,56.77577319587628,32.44482173174873,25.651533018867923,40.052586882675726,28.829646017699112,34.956312800349494,1.4467535050213782,0.0,2.765672782874618,0.7352941176470588,1.9851485148514851,12.0,6.475,20.099999999999994,9.5,14.5,0.05401949862065407,0.02851841929402938,0.08979950669956398,0.04289251300026111,0.0654214704575833,32.5,25.95,41.099999999999994,29.75,37.0
2094,20,38147.5,37321.925,39383.4,37870.75,38624.5,102.0,87.95,121.39999999999998,93.5,106.5,0.45753312505678356,0.3956405037622413,0.5524275211420616,0.4241639279820591,0.48111253531558945,102.0,87.95,120.87499999999997,93.5,106.5,102.0,87.95,120.87499999999997,93.5,106.5,0.0,0.0,1.0,0.0,0.0,48.0,30.9,62.19999999999999,43.75,55.0,11.90909090909091,6.277045300878973,16.656191074795725,9.248120300751879,15.125102543068088,54.531505728314244,45.84775787022978,62.35036202735317,52.10213289581624,56.16176470588235,32.46954595791805,25.577407740774078,39.80046493607129,29.16011235955056,34.47822822822823,1.4596683958905503,0.0,2.819444444444444,1.0369984366857739,1.9607843137254901,12.0,5.95,20.099999999999994,9.5,14.25,0.05465809213022869,0.026536029550759697,0.09081981514418154,0.043423084977504196,0.06506765925435015,32.5,26.0,40.574999999999996,29.75,35.5
2095,20,37727.0,36903.55,38954.875,37408.75,38174.25,100.0,84.8,118.87499999999997,92.0,106.25,0.4579012635802037,0.38403040556471213,0.5429787206535274,0.42793168685300925,0.4811860853896366,100.0,84.8,118.87499999999997,92.0,106.0,100.0,84.8,118.87499999999997,92.0,106.0,0.0,0.0,1.0,0.0,0.0,48.0,30.9,62.67499999999999,44.75,55.0,12.074766355140188,5.917592592592593,16.57967032967033,9.249384741591468,15.352465867929784,55.55296095647301,46.27568579815771,62.570736517191115,51.58730158730158,56.99193548387097,31.537735849056602,25.394624024693478,41.36496046608406,29.024193548387096,34.61711711711712,1.1728395061728394,0.0,2.8443396226415096,0.7425742574257426,1.9851485148514851,11.5,5.425,19.099999999999994,8.75,15.0,0.053208008110452426,0.024514032617182838,0.08814838185777951,0.04148601683783988,0.0665066928865204,31.0,26.475,40.05,28.75,35.0
2096,20,37273.0,36478.025,38537.9,37011.25,37736.75,98.0,80.8,116.34999999999998,90.5,104.0,0.44568212165746224,0.3736496439653763,0.5395060045137209,0.42385252751014324,0.4834002086814412,98.0,80.8,116.34999999999998,90.5,104.0,98.0,80.8,116.34999999999998,90.5,104.0,0.0,0.0,0.0,0.0,0.0,48.0,31.425,63.19999999999999,45.0,56.0,11.845655693470048,6.1908143939393945,16.404359031824292,9.458204334365327,15.002832058906824,54.59231490159325,47.3051948051948,62.25280326197757,52.05721449737862,57.07442067736186,31.791443850267378,25.277565409446144,41.5340909090909,29.334101888449716,34.0502517080187,1.1299795709908071,0.0,2.9429010862251275,0.9890572390572391,1.9607843137254901,12.0,5.425,18.099999999999994,9.0,15.0,0.055602426334927395,0.02480343691907048,0.08453005443825418,0.04192310399072037,0.0677983178190861,29.0,26.475,38.574999999999996,28.0,34.25
2097,20,36832.0,36018.55,38088.925,36612.25,37331.5,98.0,78.125,117.92499999999998,90.0,102.5,0.45470766529395185,0.3633788995973135,0.5516526202782277,0.42467588848606186,0.48076631628653427,98.0,78.125,117.92499999999998,90.0,102.25,98.0,78.125,117.92499999999998,90.0,102.25,0.0,0.0,0.5249999999999986,0.0,0.0,48.0,31.95,63.19999999999999,45.0,56.0,11.666666666666666,5.1564541890518365,16.30681818181818,9.473684210526317,14.722045599055319,54.22772277227723,46.14746603970742,62.12735849056603,52.26648351648352,57.025518341307816,32.585630743525485,25.996406109613655,42.35435339308579,29.6004600460046,35.04101976005646,1.1111111111111112,0.0,3.0207701637355973,0.9719320555908801,1.9093406593406594,11.0,4.425,17.574999999999996,9.0,14.25,0.05224293143002045,0.020473326235977276,0.08221935692428631,0.04202388736713503,0.06739240498785286,30.5,26.0,39.574999999999996,28.75,34.25
2098,20,36411.5,35576.575,37641.5,36143.75,36862.0,95.5,76.55,114.44999999999997,88.0,101.0,0.4547748603201421,0.3564566438893641,0.5468690575027112,0.43030217099372603,0.4715890439159553,95.5,76.55,114.44999999999997,88.0,101.0,95.5,76.55,114.44999999999997,88.0,101.0,0.0,0.0,0.0,0.0,0.0,48.5,31.95,63.19999999999999,45.0,56.0,11.536600120992135,5.2849264705882355,17.9973474801061,9.576280208666027,14.862018116705286,53.860332841794815,44.680527383367135,62.857142857142854,51.04621309370988,57.33656609195402,32.183908045977006,25.619047619047617,43.81507775524002,28.685410334346507,35.82268778742974,1.1363636363636365,0.0,2.651263297872339,0.7425742574257426,1.9236209335219236,11.0,4.425,18.049999999999997,9.5,14.25,0.052916489620756714,0.020747756989020413,0.0861866771123553,0.04554920944538379,0.06804231114002023,30.5,25.475,39.099999999999994,27.0,34.25
2099,20,35970.0,35116.325,37192.35,35732.0,36420.75,95.5,77.65,117.02499999999998,90.25,100.5,0.45916496714305727,0.3754921940574776,0.56183621331318,0.4302566210175391,0.4870150219564493,95.5,77.65,117.02499999999998,90.25,100.25,95.5,77.65,117.02499999999998,90.25,100.25,0.0,0.0,0.5249999999999986,0.0,0.0,48.5,31.95,66.19999999999999,45.0,56.0,12.132075471698112,5.92649647887324,17.127294981640144,9.86856280973928,14.169254658385093,55.0369789332138,45.40583675330598,63.39758708272859,51.47948611686697,57.38051470588235,32.03543307086615,24.713806240928882,42.253930560104806,29.17048054919908,36.29679144385027,1.1564171122994653,0.0,2.7201704545454533,1.0153061224489797,1.9914215686274508,11.5,4.95,18.574999999999996,9.0,13.25,0.05566528553635082,0.023478299188994137,0.08981590658462527,0.04470620626790257,0.06433489431249242,31.0,25.475,40.099999999999994,26.0,32.5
2100,20,35511.5,34671.4,36750.325,35273.75,35967.25,93.5,78.125,115.54999999999997,86.0,97.25,0.45235244655636275,0.37194343807416574,0.5609226453497542,0.43573028095962063,0.4754958162378411,93.5,78.125,115.54999999999997,86.0,97.25,93.5,78.125,115.54999999999997,86.0,97.25,0.0,0.0,0.0,0.0,0.0,48.5,31.95,66.725,45.75,56.0,12.163827879874496,6.022262607905498,17.127294981640144,9.919354838709678,14.285714285714285,54.2013080589735,45.333688175565015,64.82756877022655,51.184210526315795,57.25931677018633,32.10841370136348,23.330939171785218,42.99336717982312,29.17048054919908,35.26162790697674,1.1627906976744187,0.0,2.2648862765141833,0.9716085747013581,2.094414893617021,12.0,4.95,18.574999999999996,9.75,13.25,0.0560905887390789,0.023764649497665123,0.09084285734422894,0.04761178063144641,0.065208697851145,30.0,22.95,40.099999999999994,26.0,32.5
2101,20,35111.0,34250.575,36307.65,34877.5,35563.0,92.0,77.275,114.49999999999997,86.75,95.5,0.45131568544282624,0.3775059838420577,0.5558724288333983,0.4297878876066807,0.4749290908299675,92.0,77.275,114.49999999999997,86.75,95.5,92.0,77.275,114.49999999999997,86.75,95.5,0.0,0.0,0.0,0.0,0.0,49.0,32.95,67.725,47.0,56.0,12.773451983685577,5.876712328767123,16.503395585738538,9.919354838709678,13.715644820295982,55.066413662239086,45.283144168075346,64.68774781919112,51.407496612976075,57.59208463949843,31.550343249427918,23.520541958041957,43.22001336451721,29.001814882032665,35.523794314915364,1.1116600790513833,0.0,2.312884255546645,0.6048387096774193,2.0727075420510035,11.0,4.95,18.099999999999994,9.75,12.0,0.05570372737494579,0.024007414736041982,0.08953671425312426,0.04642869285461834,0.06007597222491478,29.5,22.475,38.62499999999999,26.0,31.5
2102,20,34710.5,33836.975,35895.475,34471.75,35102.25,91.5,75.175,115.34999999999998,84.0,94.0,0.44604714139655693,0.37048243936562786,0.5649839749534722,0.43400767628055503,0.4716589711761304,91.0,75.175,115.34999999999998,84.0,94.0,91.0,75.175,115.34999999999998,84.0,94.0,0.0,0.0,0.5249999999999986,0.0,0.0,49.5,32.95,69.19999999999999,47.0,57.0,12.797619047619047,6.210144927536232,16.723055458667595,10.506813291895767,13.988095238095237,54.909042268592835,45.35305155046415,63.31649831649831,52.37274655355249,57.731107850330154,32.06855791962175,23.055555555555557,41.413916535708054,29.236322188449847,34.90019125029883,1.0752688172043012,0.0,2.4114401858304295,0.0,2.070707070707071,11.0,4.95,18.099999999999994,9.75,12.25,0.05513688944334544,0.024303381445626042,0.09045215832176182,0.046946988753661975,0.0627130812144419,28.5,21.95,40.14999999999999,26.0,31.25
2103,20,34330.5,33422.925,35505.0,34081.25,34688.0,89.5,73.175,111.92499999999998,84.0,92.75,0.44461081461802143,0.3640642288932199,0.5550436648087692,0.43396500559585355,0.46874162273598174,89.0,73.175,111.92499999999998,84.0,92.75,89.0,73.175,111.92499999999998,84.0,92.75,0.0,0.0,1.0,0.0,0.0,49.5,32.95,69.19999999999999,47.0,57.25,12.263060564031438,5.6890817650876055,17.07364341085271,10.394736842105262,14.123588829471181,55.55555555555556,44.4375,64.10537146475306,53.684593023255815,57.33082706766917,32.403245942571786,23.088592233009706,41.64179104477611,28.040890269151138,35.0,1.1431931016461983,0.0,2.443452380952381,0.0,2.185990338164251,10.5,4.475,17.624999999999993,9.0,13.0,0.05340219368120154,0.02235164442211952,0.08922336296039751,0.045067234100293715,0.06413892337403648,27.5,21.475,39.14999999999999,24.75,30.25
2104,20,33926.5,33013.475,35098.325,33700.0,34312.0,88.5,71.75,109.49999999999997,81.75,95.0,0.4486826111053513,0.36140254488163687,0.5552555818000809,0.42177103834470925,0.4754298568737077,88.5,71.75,109.49999999999997,81.75,95.0,88.5,71.75,109.49999999999997,81.75,95.0,0.0,0.0,0.0,0.0,0.0,50.0,32.95,69.725,47.0,58.25,12.220009955201593,5.598978790259229,17.306255835667596,10.7837528604119,14.177489177489177,54.096989966555185,43.99081854964208,62.75,53.15345573966263,57.68020594965675,32.38408885444918,22.391975308641975,41.1180210060807,27.377819548872182,35.18044455544456,1.2125220458553791,0.0,2.522172949002217,0.6302521008403361,2.1471291866028706,10.0,4.475,17.099999999999994,9.75,12.0,0.05142851293877591,0.02262049044532476,0.08740091680413317,0.04813513018534009,0.06289402334605228,28.0,19.95,39.72499999999999,23.75,32.0
2105,20,33564.5,32631.325,34723.1,33293.25,33974.5,88.5,68.275,105.44999999999997,81.75,94.25,0.45346218293322393,0.3476616814639955,0.5437295462581186,0.4348591206034655,0.4713283393273948,88.5,68.275,105.44999999999997,81.75,93.5,88.5,68.275,105.44999999999997,81.75,93.5,0.0,0.0,0.5249999999999986,0.0,0.0,50.0,33.475,70.24999999999999,47.75,58.25,12.414383561643834,5.885416666666667,16.76470588235294,9.868421052631579,14.596036585365853,56.21488764044944,43.43495934959349,64.29286858974359,53.36538461538461,57.496871088861084,32.769407558733405,22.113970588235293,40.54878048780487,27.141203703703702,34.670138888888886,1.205519244734931,0.0,2.9592645998558034,1.0416666666666665,2.261904761904762,10.0,4.475,16.574999999999996,8.75,12.0,0.05170805561481519,0.022871823197825415,0.08567103061757188,0.04524484904347738,0.06390640958481539,27.5,19.475,39.14999999999999,22.0,32.0
2106,20,33162.5,32232.825,34328.825,32916.5,33570.25,87.0,66.225,104.34999999999998,81.0,92.0,0.45072826949411826,0.34064050573508586,0.5460575831253923,0.4255978444623746,0.47620193173945274,87.0,66.225,104.34999999999998,81.0,92.0,87.0,66.225,104.34999999999998,81.0,92.0,0.0,0.0,0.5249999999999986,0.0,0.0,51.5,33.475,70.24999999999999,47.75,59.25,13.003663003663004,6.064192300607846,16.314605110336817,9.296331814912492,14.360119047619047,56.21488764044944,42.6463963963964,63.26923076923077,52.71833429728167,58.36038961038961,32.79306220095694,21.96763602251407,41.09797297297296,27.01981707317073,34.473518284993695,1.2195121951219512,0.0,2.9431557846506298,1.0498903508771928,2.295149355987942,10.5,4.475,15.574999999999996,8.75,12.25,0.05365608153507159,0.023058040708508643,0.08131758028488877,0.045692729699053455,0.0658227528526181,28.0,19.0,39.62499999999999,21.0,31.25
2107,20,32789.5,31857.675,33948.45,32531.5,33170.0,85.0,65.225,104.34999999999998,79.0,89.5,0.44843617814753856,0.33937850750027315,0.5451091336299653,0.4293603008003729,0.4760312446142449,85.0,65.225,104.34999999999998,79.0,89.5,85.0,65.225,104.34999999999998,79.0,89.5,0.0,0.0,0.0,0.0,0.0,52.0,34.0,70.77499999999998,48.5,60.0,13.085870680807389,5.52621722846442,16.573529411764703,8.701840328346353,15.221233892119969,55.75712946846967,42.3963963963964,61.65233415233414,53.07904411764706,58.2542194092827,32.125214776632305,22.64475108225108,40.825914149443555,26.44031500414479,35.19715578539108,1.2281494876431585,0.0,3.315934065934066,1.0389819587628866,2.501202501202501,10.5,4.0,15.574999999999996,7.75,12.25,0.0544411978607441,0.020805922007415486,0.08293358875386266,0.041129329555985146,0.06667822117239783,27.0,18.475,39.62499999999999,20.0,31.25
2108,20,32446.0,31512.475,33559.25,32164.5,32799.0,84.0,65.325,105.29999999999998,80.25,90.25,0.45167181254651806,0.3439313779849323,0.5588557777258412,0.43419531304721887,0.48046352294206224,84.0,65.325,104.82499999999999,80.25,90.25,84.0,65.325,104.82499999999999,80.25,90.25,0.0,0.0,0.5249999999999986,0.0,0.0,52.0,34.0,70.77499999999998,49.0,60.0,12.639553429027114,5.3722084367245655,16.194013781223077,9.634146341463415,14.317889317889318,57.05980066445183,44.08158158158158,60.86029411764705,53.51190476190476,57.62959866220736,32.29064841968068,23.334131326949386,40.43793793793793,27.902969247083774,34.91480429682677,1.1904761904761905,0.0,3.282258064516129,1.0419989367357787,2.2435897435897436,10.5,4.0,15.524999999999999,7.75,12.0,0.05484546643424462,0.021038328815586635,0.08278790555134347,0.041581127630766664,0.06504176023788255,27.5,19.475,38.72499999999999,20.75,31.0
2109,20,32053.0,31097.725,33186.8,31767.0,32409.75,82.0,62.9,103.29999999999998,79.5,88.75,0.4477511838098757,0.3345345118281085,0.5541333422483656,0.4324677765892921,0.4797429913445278,82.0,62.9,103.29999999999998,79.5,88.75,82.0,62.9,103.29999999999998,79.5,88.75,0.0,0.0,0.0,0.0,0.0,52.5,34.475,70.77499999999998,49.75,61.0,12.656155245603397,5.422446406052964,16.25655594405594,9.090909090909092,14.71287801563031,56.53409090909091,44.686544342507645,60.86029411764705,53.79924953095685,57.981492192018514,31.833039979884333,24.227941176470587,39.69164118246687,27.64423076923077,34.752747252747255,1.2195121951219512,0.0,3.3471497764530547,1.047205642973413,2.258107745912624,11.0,4.0,15.524999999999999,7.75,12.0,0.05698706573721171,0.021241935108481307,0.08361485298665651,0.04190669012566792,0.06639704850725847,26.5,18.475,37.72499999999999,21.5,29.5
2110,20,31725.0,30743.875,32816.875,31435.25,32066.25,80.0,60.95,102.92499999999998,77.75,89.25,0.43935918226035153,0.32800191048897337,0.5582241462853633,0.42813238342144533,0.4761858927902791,80.0,60.95,102.92499999999998,77.75,89.0,80.0,60.95,102.92499999999998,77.75,89.0,0.0,0.0,0.5249999999999986,0.0,0.0,53.0,34.475,70.77499999999998,49.75,61.0,12.208672086720867,5.397849462365591,17.81465517241379,8.945959104186953,14.42923186344239,55.93869731800766,43.7088963963964,61.40243902439024,52.7317415730337,57.84946236559139,32.37903225806451,23.52272727272727,40.0571509009009,27.65126439825235,36.27840909090909,1.2579113924050633,0.0,3.352996254681648,1.1398467432950192,2.291666666666667,11.0,4.0,15.524999999999999,7.0,11.5,0.05839881802827876,0.021477824744831432,0.08446621333117003,0.03813882837999958,0.06360291370065206,26.0,18.0,38.72499999999999,21.5,29.25
2111,20,31384.0,30414.175,32430.649999999998,31102.75,31701.5,80.0,61.95,98.77499999999998,77.0,86.25,0.4365661572438436,0.33688312878286003,0.5407549562593009,0.4243171604669756,0.4685191491093836,80.0,61.95,98.77499999999998,77.0,86.25,80.0,61.95,98.77499999999998,77.0,86.25,0.0,0.0,0.0,0.0,0.0,53.0,34.475,70.77499999999998,50.5,61.0,12.419400056069527,5.349206349206349,18.045505935556807,9.180622009569378,15.434565434565435,55.3639846743295,44.05839587242026,60.388818498574594,52.50314201927105,58.513708513708515,31.457431457431454,24.39319301388267,39.60027100271003,27.135076252723312,35.55663745537163,1.2987012987012987,0.0,3.388772398017537,1.2019904681805438,2.316017316017316,10.5,4.0,16.525,7.0,12.0,0.05679084699770637,0.02168132609253132,0.0908072031665314,0.0385898185924374,0.06560946666480637,25.0,18.475,37.62499999999999,21.0,28.5
2112,20,31041.0,30114.625,32134.05,30782.25,31354.75,80.0,60.425,98.29999999999998,75.75,85.0,0.44616587020017995,0.3321699279020636,0.5431797782185207,0.42200295914991237,0.4660015949862424,80.0,60.425,98.29999999999998,75.75,85.0,80.0,60.425,98.29999999999998,75.75,85.0,0.0,0.0,0.0,0.0,0.0,53.0,34.475,70.77499999999998,50.5,61.25,11.834733893557422,5.424066690830011,18.550847457627114,9.692307692307692,15.096153846153847,55.64705882352942,44.15153133903134,59.71872541306058,52.766164994425864,58.03144224196856,30.616698292220114,23.634191176470587,40.068664169787766,28.70535714285714,36.294871794871796,1.3333333333333335,0.0,3.4205143191116303,1.208751793400287,2.3103932584269664,10.0,4.0,16.525,7.5,11.25,0.05405338400667177,0.021928493668577784,0.09167812880862627,0.041788841187941746,0.06288963248799087,25.0,18.475,37.099999999999994,21.5,29.5
2113,20,30716.5,29774.95,31813.975,30479.75,31024.75,78.0,59.9,95.19999999999999,76.0,84.0,0.4428015863296817,0.33286711635359695,0.5313960119791827,0.422038258840562,0.466540324679507,78.0,59.9,95.19999999999999,75.75,84.0,78.0,59.9,95.19999999999999,75.75,84.0,0.0,0.0,1.0,0.0,0.0,53.0,35.475,71.24999999999999,50.5,61.25,11.72161172161172,6.07443820224719,18.81465517241379,9.707612765198789,15.339773484343771,56.091092006584965,44.053030303030305,60.13449367088607,51.264044943820224,57.280219780219774,31.340026189436927,22.674050632911392,39.98595505617977,28.57142857142857,35.982086239695626,1.2987012987012987,0.0,3.535521395928541,1.2469861362266426,2.2101494011606375,10.0,5.0,16.525,7.5,11.25,0.05545547413017277,0.027454973469281448,0.09265925544045135,0.042295459353220544,0.06419869663449335,24.0,18.0,37.05,22.0,30.0
2114,20,30413.0,29449.075,31501.4,30171.25,30717.0,77.5,58.375,94.67499999999998,74.0,83.0,0.4465326210896593,0.327777868237802,0.5393649834093137,0.42089890669428187,0.470008426115598,77.5,58.375,94.67499999999998,74.0,83.0,77.5,58.375,94.67499999999998,74.0,83.0,0.0,0.0,0.0,0.0,0.0,53.5,35.475,71.77499999999998,50.5,61.25,12.347560975609756,7.201143451143452,19.107142857142854,10.068649885583524,14.571479374110954,56.289443488238675,44.00974025974026,59.62499999999999,50.41208791208791,57.978014656895404,30.752341920374704,23.75,40.60939060939061,28.028846153846153,35.49769281476598,1.3245614035087718,0.0,3.5940189328743544,1.215838965618572,2.197802197802198,10.0,5.0,16.049999999999997,7.75,11.0,0.0562368493944915,0.027740260402961642,0.09091828790277189,0.04417384239067127,0.06359317911467675,23.5,17.95,37.05,19.75,29.25
2115,20,30106.0,29122.35,31195.0,29872.75,30400.75,76.0,56.475,92.0,71.0,80.75,0.4501658042746787,0.3203228267982755,0.5269970498319289,0.4040590266018035,0.4573255672092236,76.0,55.95,92.0,71.0,80.75,76.0,55.95,92.0,71.0,80.75,0.0,0.0,0.5249999999999986,0.0,0.0,53.5,35.95,72.29999999999998,50.5,61.25,12.660256410256409,7.029280948851,19.235154905335623,10.390979883192731,14.134808853118713,55.87985745800102,43.47402597402597,60.36184210526315,52.076863354037265,57.62436914203317,29.542177361211248,23.268072289156628,41.663336663336665,27.960526315789473,35.444947209653094,1.3891568589619911,0.0,3.5416666666666665,1.2627432808155699,2.2893772893772892,10.0,4.475,14.624999999999993,7.75,11.0,0.056810561452751644,0.02510401115970872,0.08526438100091888,0.04473045290236327,0.061503212303665386,23.0,15.475,36.574999999999996,20.0,28.25
2116,20,29769.0,28798.625,30890.225,29562.75,30171.0,77.0,55.375,91.57499999999999,69.5,80.0,0.45673095833214683,0.3180864384410389,0.5270572140202318,0.3996316570418953,0.466193870031713,77.0,55.375,91.57499999999999,69.5,80.0,77.0,55.375,91.57499999999999,69.5,80.0,0.0,0.0,0.5249999999999986,0.0,0.0,54.0,35.95,72.82499999999999,50.5,62.0,12.192192192192191,7.4587789661319075,19.462264150943394,9.43058679206706,14.285714285714285,55.559845559845556,43.75757575757576,60.44010889292196,52.98080849326255,57.38970588235294,30.06849315068493,24.18952922077922,41.87337662337662,28.504043126684635,33.91195085629189,1.4815627743634767,0.0,3.6190631099544563,1.261867088607595,2.623727623727624,9.5,5.0,14.099999999999994,7.0,11.0,0.05497015975306508,0.028323616010191264,0.08309187862897566,0.04093033100476334,0.06450477272840727,22.5,15.475,35.67499999999999,20.0,27.5
2117,20,29472.5,28483.5,30556.575,29223.25,29861.75,75.0,56.375,90.57499999999999,68.75,79.5,0.44751538616140835,0.3277348521382479,0.5297088831303474,0.4002484668896593,0.46842355596796875,75.0,56.375,90.57499999999999,68.75,79.5,75.0,56.375,90.57499999999999,68.75,79.5,0.0,0.0,0.0,0.0,0.0,54.5,36.425,72.82499999999999,50.5,62.25,12.0,7.402832674571806,18.825757575757567,8.98037900385712,14.878234398782343,56.280286877301805,45.34249356978476,60.987878787878785,52.1067415730337,57.71309260623926,31.094202898550726,23.219280719280718,40.719507242452956,28.22822822822823,33.54430379746835,1.459931798806479,0.0,4.526836158192087,0.9259259259259258,2.448254556688292,9.0,5.0,14.099999999999994,7.5,11.0,0.05338991687990434,0.028621802806601926,0.08357783255240184,0.04438559389915206,0.06504143311423623,22.5,16.425,35.05,19.75,27.5
2118,20,29119.0,28190.875,30226.15,28915.75,29514.75,72.0,54.425,89.05,67.75,77.5,0.4355590718667839,0.32001234672289847,0.5258721056198415,0.40261112147668277,0.45569093368044494,72.0,54.425,89.05,67.75,77.5,72.0,54.425,89.05,67.75,77.5,0.0,0.0,0.0,0.0,0.0,55.0,36.425,72.82499999999999,51.25,63.0,11.369509043927648,7.405070237050044,18.97512864493996,9.564393939393941,13.440325497287521,55.38971807628524,43.06223572938689,62.60883084577114,52.60926677812276,58.392857142857146,31.245412282848058,23.003896103896103,42.00184989429175,28.660714285714285,33.919927390076644,1.4605543710021323,0.0,4.668126684636116,0.0,2.684931506849315,9.0,5.0,14.099999999999994,6.75,10.25,0.05328492143199054,0.028973193280525358,0.08453782777564023,0.038911571981535026,0.060938248685259724,22.0,15.425,36.574999999999996,19.0,26.0
2119,20,28784.0,27915.625,29922.05,28581.5,29203.0,71.0,55.85,89.525,68.5,74.75,0.4305857094091038,0.3319567452835041,0.5351980364111718,0.4028726078532493,0.4543891290550093,71.0,55.85,89.525,68.5,74.5,71.0,55.85,89.525,68.5,74.5,0.0,0.0,0.5249999999999986,0.0,0.0,55.5,37.425,73.34999999999998,51.5,63.0,11.811846689895471,6.826026119402985,19.572887050917544,9.919354838709678,13.143382352941178,55.036231884057976,41.89203730272597,62.88133640552996,52.54398982404071,59.008590666357094,30.555555555555557,23.28767123287671,42.5480631276901,26.808755760368662,34.441920830629456,1.4389233954451346,0.0,4.709502991256325,0.0,2.7690802348336594,9.0,4.475,14.099999999999994,6.75,11.0,0.05463865737418815,0.026242533201879026,0.08452187813565686,0.04035673173898532,0.06377693632135162,22.0,14.425,35.574999999999996,17.75,25.0
2120,20,28469.5,27614.05,29630.45,28272.5,28926.25,69.0,54.75,88.725,65.75,76.25,0.4211313763598144,0.32906736241102813,0.5369326684908691,0.39527852752720266,0.4669128088548985,69.0,54.75,88.725,65.75,76.25,69.0,54.75,88.725,65.75,76.25,0.0,0.0,0.0,0.0,0.0,55.5,37.425,73.34999999999998,52.5,63.0,11.679454390451832,6.059351276742581,19.01304347826086,10.454545454545453,13.657407407407408,55.536231884057976,40.47990063233966,64.14740896358542,53.30615942028985,58.77272727272727,30.217391304347828,22.347549019607843,43.627295995182166,28.257575757575758,34.44258639910814,1.5909090909090908,0.0,3.8592592592592587,0.0,2.898550724637681,8.5,4.0,13.574999999999996,6.75,10.0,0.05090900799310735,0.024119753896500496,0.08314848933450418,0.04254244208189919,0.061373457434694315,21.0,13.425,36.525,17.75,25.25
2121,20,28191.0,27337.05,29318.25,27951.5,28586.75,69.0,55.8,89.725,63.75,75.25,0.42171968467154874,0.3432972082911203,0.549254362370259,0.3809532644434841,0.4714218128822215,69.0,55.8,89.725,63.75,75.25,69.0,55.8,89.725,63.75,75.25,0.0,0.0,1.0,0.0,0.0,56.0,37.425,73.82499999999999,52.5,63.0,11.442262739597943,5.503787878787879,19.115746180963566,9.303977272727273,12.66268497058299,55.82579185520362,41.453322784810126,66.02696572580643,51.85046448906203,59.565217391304344,31.155462184873947,21.576224662162165,42.853243670886066,28.042521994134898,35.34090909090909,1.5640273704789833,0.0,3.800480769230769,0.0,2.9004329004329006,8.5,3.475,13.574999999999996,6.0,10.0,0.05145496044501528,0.021172038284717084,0.08417679661116383,0.03764948481965436,0.06125688643372415,21.0,13.0,35.0,18.5,25.75
2122,20,27910.5,27060.125,29004.375,27649.75,28260.5,68.0,54.0,86.29999999999998,64.25,76.5,0.41970921558469104,0.33800754470249406,0.5388879125198834,0.39031442669805005,0.4749822231539488,68.0,54.0,86.29999999999998,64.25,76.25,68.0,54.0,86.29999999999998,64.25,76.25,0.0,0.0,0.5249999999999986,0.0,0.0,56.0,37.425,73.82499999999999,52.5,63.25,11.538461538461538,5.752487562189055,19.497549019607835,8.939205955334987,13.767123287671232,55.34188034188034,41.44303797468355,67.13261648745518,51.81283502084574,59.327249575551775,30.220008302200085,20.786290322580644,42.86550632911392,28.55812220566319,36.16220735785953,1.5889029003783102,0.0,3.8230282375852,0.0,2.801063177264363,9.0,3.475,13.574999999999996,5.75,10.0,0.05412635212677887,0.02139965628979829,0.08514595032990278,0.03656704565838704,0.0625507677235027,20.5,12.475,35.05,17.75,25.75
2123,20,27638.5,26749.825,28714.35,27345.25,27975.25,67.0,53.0,86.34999999999998,63.75,77.0,0.42538805690315074,0.33547548900464064,0.5449235563539653,0.39058205142944963,0.47986845073417106,67.0,53.0,86.34999999999998,63.75,77.0,67.0,53.0,86.34999999999998,63.75,77.0,0.0,0.0,0.0,0.0,0.0,57.0,37.9,73.82499999999999,53.25,63.25,11.602564102564102,4.775249722530521,19.31603773584905,9.601814516129032,13.528138528138527,54.128959276018094,43.521288837744535,67.38576061320754,51.493506493506494,59.26229508196721,30.717948717948715,20.29032939189189,42.99975341114581,28.173076923076923,36.5965700285831,1.6025641025641026,0.0,3.8723776223776225,0.0,2.7623211446740856,9.0,2.95,13.574999999999996,6.75,9.25,0.05462561820825651,0.018050719596020344,0.0861887776271395,0.042041147641745505,0.059242154101604244,20.5,13.475,34.525,17.75,26.0
2124,20,27335.0,26442.2,28404.275,27027.0,27650.5,67.0,52.95,86.29999999999998,62.75,74.25,0.4339996154852372,0.3393552505656541,0.5456514491226817,0.3952771104175279,0.4801087405941737,67.0,52.95,86.29999999999998,62.75,74.25,67.0,52.95,86.29999999999998,62.75,74.25,0.0,0.0,0.0,0.0,0.0,57.0,37.9,74.82499999999999,53.5,63.25,11.506935687263557,3.803733031674208,19.166666666666657,10.204272863568216,13.706563706563706,55.34188034188034,43.071794871794864,66.85314685314684,52.14413341274568,60.06849315068493,30.076679005817027,20.863428808634286,42.81444906444906,28.71819960861057,35.96467391304348,1.655719759168035,0.0,3.9269230769230767,0.0,2.790088638195004,9.0,2.425,13.574999999999996,6.75,9.0,0.055224190085870414,0.014941210773852798,0.08710869217099482,0.041503261411313795,0.058210271921016896,20.0,13.475,34.05,17.75,26.0
2125,20,27021.5,26141.275,28109.275,26692.25,27344.0,67.0,53.9,85.24999999999999,62.0,74.25,0.42555653439212965,0.34602854613517897,0.5510210647665692,0.3923487440132929,0.4833755175481454,67.0,53.9,85.24999999999999,62.0,74.25,67.0,53.9,85.24999999999999,62.0,74.25,0.0,0.0,0.5249999999999986,0.0,0.0,57.0,37.9,74.82499999999999,53.75,64.0,11.833333333333332,3.8454362801377724,18.998318267815844,10.833333333333332,13.596673596673597,55.748746867167924,43.84583333333333,68.63782051282051,51.77681473456121,61.0475352112676,30.50115207373272,20.035211267605632,40.91300675675676,27.376760563380284,35.72916666666667,2.003968253968254,0.0,3.9269230769230767,0.0,3.0080367393800227,9.0,2.425,13.049999999999997,7.0,9.25,0.05577828000620519,0.015134894425615036,0.08381459200451165,0.04422576913272809,0.060277185878925874,19.5,12.95,32.525,16.0,26.0
