,years_for_full,full_population_mean,target_agents_mean,total_affected_mean,m694v_homozigotes_mean,compound_mean,n_allele_mean,carrier_births_mean,affected_births_mean,normal_births_mean,full_population_ci_low,target_agents_ci_low,total_affected_ci_low,m694v_homozigotes_ci_low,compound_ci_low,n_allele_ci_low,carrier_births_ci_low,affected_births_ci_low,normal_births_ci_low,full_population_ci_high,target_agents_ci_high,total_affected_ci_high,m694v_homozigotes_ci_high,compound_ci_high,n_allele_ci_high,carrier_births_ci_high,affected_births_ci_high,normal_births_ci_high
0,1950,50301.08,42235.36,195.68,25.12,119.24,46.36,207.2,10.08,998.72,50198.332682163156,42031.271319641026,169.93924704545987,15.380292133059982,100.23473658868856,33.21338127121654,179.28576468299133,4.927771744186793,926.8506903516297,50403.82731783685,42439.448680358975,221.42075295454015,34.85970786694002,138.24526341131144,59.50661872878346,235.11423531700865,15.232228255813208,1070.5893096483703
1,1975,69811.88,55012.48,274.92,34.48,165.72,67.96,5773.6,302.64,27770.64,69200.83177557251,54420.751184959416,243.25563533981247,21.053403906176865,137.3083368549698,50.96253163948622,5555.839971834438,268.59349674342457,27236.39440443182,70422.9282244275,55604.20881504059,306.5843646601876,47.906596093823126,194.1316631450302,84.95746836051376,5991.360028165563,336.6865032565754,28304.88559556818
2,2000,80908.92,59784.12,310.84,39.12,187.0,77.8,10894.24,561.88,52641.96,79668.05720914733,58657.0703875268,268.2929488996789,29.562780599637428,156.78377477799938,59.3180556578409,10513.423600794293,513.1376989737524,51655.43410647397,82149.78279085267,60911.169612473204,353.38705110032106,48.67721940036257,217.21622522200062,96.2819443421591,11275.056399205707,610.6223010262476,53628.48589352603
3,2012,78402.52,53134.6,282.76,36.92,167.32,71.84,12503.84,644.4,60411.6,77092.61993006489,52100.371991999185,246.44583145198925,27.31933391199687,136.31563316778318,54.92560502609292,12035.93209913631,591.6860802696922,59294.937839989194,79712.42006993512,54168.82800800081,319.07416854801073,46.52066608800313,198.3243668322168,88.7543949739071,12971.747900863691,697.1139197303078,61528.2621600108
4,2013,78292.72,52759.88,279.8,36.8,165.52,70.92,12659.2,653.16,61184.08,76975.51110299998,51729.84509286853,245.1841211773171,26.82195075845651,135.4784573853694,54.37646986482832,12184.250369688181,599.7112635883691,60067.4101109149,79609.92889700002,53789.91490713147,314.4158788226829,46.778049241543485,195.5615426146306,87.46353013517168,13134.14963031182,706.6087364116308,62300.749889085106
5,2014,78197.2,52459.8,278.0,37.04,164.2,70.32,12824.24,661.04,61989.6,76866.59359438387,51437.299727921796,242.41281878728427,26.990340105257296,133.38059702070788,53.73974378967562,12336.678007048675,607.5619228966984,60843.73928676591,79527.80640561612,53482.30027207821,313.58718121271573,47.0896598947427,195.0194029792921,86.90025621032436,13311.801992951325,714.5180771033015,63135.46071323409
6,2015,78037.36,52113.2,276.56,36.96,163.2,70.2,12975.92,669.0,62750.4,76713.21233945858,51095.51399950672,242.11061862190653,27.620303502432925,132.9149872048896,54.47921969705914,12484.1770925209,613.9685423295609,61586.348921052006,79361.50766054142,53130.88600049327,311.00938137809345,46.299696497567076,193.48501279511038,85.92078030294087,13467.6629074791,724.0314576704391,63914.451078948
7,2016,77796.0,51741.4,274.16,36.88,161.6,69.6,13126.12,676.24,63492.28,76471.7361616858,50746.87413018397,239.3197480299965,26.643494606719216,130.67172167740338,54.97642086674173,12635.389034015583,620.3161931672506,62320.27313082104,79120.2638383142,52735.925869816034,309.00025197000355,47.11650539328079,192.5282783225966,84.22357913325826,13616.850965984419,732.1638068327494,64664.286869178955
8,2017,77570.6,51385.52,272.8,36.84,160.44,69.4,13279.6,684.16,64223.32,76218.28959958645,50361.307138978096,240.05665665614868,27.26003006267765,130.34011720953055,55.575398739927444,12782.134392746593,629.4035724564382,63014.55303493629,78922.91040041356,52409.7328610219,305.54334334385135,46.41996993732236,190.53988279046945,83.22460126007257,13777.065607253408,738.9164275435618,65432.08696506371
9,2018,77374.84,51026.44,271.68,36.88,159.88,68.76,13425.28,691.64,64951.96,76029.09889019321,50001.07364764393,243.44239216930725,26.83288883973773,131.8666238616859,55.94134026766709,12927.899178426296,636.1396890339042,63737.367583289495,78720.58110980678,52051.80635235608,299.91760783069276,46.92711116026227,187.8933761383141,81.57865973233292,13922.660821573705,747.1403109660957,66166.5524167105
10,2019,77124.24,50635.92,269.24,36.76,158.32,68.16,13572.92,699.16,65648.68,75805.84478468304,49602.532588108406,238.31027259523077,25.482474976012398,128.11585520716292,56.00273232451743,13072.30338555737,642.5381588901714,64421.683508849346,78442.63521531697,51669.30741189159,300.1697274047693,48.0375250239876,188.52414479283706,80.31726767548257,14073.53661444263,755.7818411098285,66875.67649115065
11,2020,76597.4,50231.72,267.04,36.12,157.68,67.32,13714.48,707.16,66373.8,75285.51268593677,49210.390956154355,236.08854450379866,24.856108902041587,126.56226075049796,55.86726978693144,13201.294218939509,648.9628503790777,65138.74297119526,77909.28731406321,51253.04904384565,297.9914554962014,47.38389109795841,188.79773924950206,78.77273021306854,14227.66578106049,765.3571496209222,67608.85702880475
12,2021,76080.08,49803.12,265.56,35.64,156.64,67.32,13858.88,714.8,67070.32,74750.1910023304,48761.67777325736,235.35394744977978,24.612205539335324,127.44827998672682,55.89525656013813,13338.110938409995,657.2074530284806,65812.55923309612,77409.96899766961,50844.562226742644,295.76605255022025,46.66779446066468,185.83172001327316,78.74474343986185,14379.649061590004,772.3925469715193,68328.08076690389
13,2022,75760.36,49385.76,263.44,35.24,154.68,67.56,13996.16,721.92,67742.72,74440.5541939371,48360.17805558795,234.26363723833967,23.849493543598104,126.93994059126766,57.906792726421614,13476.52285715511,662.8974168417997,66459.77628689226,77080.1658060629,50411.34194441205,292.6163627616603,46.6305064564019,182.42005940873236,77.21320727357839,14515.79714284489,780.9425831582003,69025.66371310774
14,2023,75590.28,49083.44,261.6,34.52,153.6,67.84,14141.52,728.88,68490.68,74270.18319655363,48089.34233041349,233.58845238120537,23.005938336103988,126.87515263529711,56.542621661051925,13618.562235979489,666.9088622878897,67197.8912637805,76910.37680344637,50077.53766958651,289.61154761879465,46.03406166389602,180.3248473647029,79.13737833894808,14664.477764020512,790.8511377121102,69783.46873621948
15,2024,75157.64,48622.64,257.24,33.68,150.56,67.48,14274.6,736.72,69135.44,73837.11895425682,47611.57111709241,229.18117778665683,23.190184494790515,126.66139172810824,56.69821832905156,13751.614420211547,673.8661074978911,67828.13835615086,76478.16104574318,49633.70888290759,285.29882221334316,44.169815505209485,174.45860827189176,78.26178167094845,14797.585579788454,799.573892502109,70442.74164384915
